1.0025 -0.481518
1.0075 -0.481696
1.0125 -0.481858
1.0175 -0.482006
1.0225 -0.48214
1.0275 -0.482259
1.0325 -0.482365
1.0375 -0.482458
1.0425 -0.482537
1.0475 -0.482602
1.0525 -0.482655
1.0575 -0.482695
1.0625 -0.482723
1.0675 -0.482738
1.0725 -0.482741
1.0775 -0.482732
1.0825 -0.482711
1.0875 -0.482679
1.0925 -0.482635
1.0975 -0.48258
1.1025 -0.482514
1.1075 -0.482437
1.1125 -0.48235
1.1175 -0.482252
1.1225 -0.482143
1.1275 -0.482025
1.1325 -0.481896
1.1375 -0.481757
1.1425 -0.481609
1.1475 -0.481452
1.1525 -0.481284
1.1575 -0.481108
1.1625 -0.480923
1.1675 -0.480729
1.1725 -0.480526
1.1775 -0.480314
1.1825 -0.480094
1.1875 -0.479866
1.1925 -0.479629
1.1975 -0.479385
1.2025 -0.479132
1.2075 -0.478872
1.2125 -0.478604
1.2175 -0.478329
1.2225 -0.478046
1.2275 -0.477757
1.2325 -0.47746
1.2375 -0.477156
1.2425 -0.476845
1.2475 -0.476528
1.2525 -0.476204
1.2575 -0.475873
1.2625 -0.475536
1.2675 -0.475193
1.2725 -0.474844
1.2775 -0.474489
1.2825 -0.474127
1.2875 -0.47376
1.2925 -0.473388
1.2975 -0.47301
1.3025 -0.472626
1.3075 -0.472237
1.3125 -0.471843
1.3175 -0.471443
1.3225 -0.471039
1.3275 -0.470629
1.3325 -0.470215
1.3375 -0.469795
1.3425 -0.469372
1.3475 -0.468943
1.3525 -0.46851
1.3575 -0.468073
1.3625 -0.467631
1.3675 -0.467186
1.3725 -0.466736
1.3775 -0.466282
1.3825 -0.465823
1.3875 -0.465362
1.3925 -0.464896
1.3975 -0.464426
1.4025 -0.463953
1.4075 -0.463477
1.4125 -0.462996
1.4175 -0.462513
1.4225 -0.462026
1.4275 -0.461536
1.4325 -0.461042
1.4375 -0.460546
1.4425 -0.460046
1.4475 -0.459544
1.4525 -0.459038
1.4575 -0.45853
1.4625 -0.458019
1.4675 -0.457505
1.4725 -0.456988
1.4775 -0.456469
1.4825 -0.455948
1.4875 -0.455423
1.4925 -0.454897
1.4975 -0.454368
1.5025 -0.453837
1.5075 -0.453304
1.5125 -0.452768
1.5175 -0.45223
1.5225 -0.451691
1.5275 -0.451149
1.5325 -0.450605
1.5375 -0.450059
1.5425 -0.449512
1.5475 -0.448963
1.5525 -0.448412
1.5575 -0.447859
1.5625 -0.447304
1.5675 -0.446748
1.5725 -0.446191
1.5775 -0.445632
1.5825 -0.445071
1.5875 -0.444509
1.5925 -0.443946
1.5975 -0.443381
1.6025 -0.442815
1.6075 -0.442248
1.6125 -0.44168
1.6175 -0.44111
1.6225 -0.440539
1.6275 -0.439967
1.6325 -0.439395
1.6375 -0.438821
1.6425 -0.438246
1.6475 -0.43767
1.6525 -0.437093
1.6575 -0.436516
1.6625 -0.435938
1.6675 -0.435358
1.6725 -0.434778
1.6775 -0.434198
1.6825 -0.433617
1.6875 -0.433035
1.6925 -0.432452
1.6975 -0.431869
1.7025 -0.431285
1.7075 -0.430701
1.7125 -0.430116
1.7175 -0.429531
1.7225 -0.428945
1.7275 -0.428359
1.7325 -0.427772
1.7375 -0.427185
1.7425 -0.426598
1.7475 -0.426011
1.7525 -0.425423
1.7575 -0.424835
1.7625 -0.424247
1.7675 -0.423658
1.7725 -0.42307
1.7775 -0.422481
1.7825 -0.421892
1.7875 -0.421303
1.7925 -0.420714
1.7975 -0.420125
1.8025 -0.419535
1.8075 -0.418946
1.8125 -0.418357
1.8175 -0.417768
1.8225 -0.417179
1.8275 -0.416589
1.8325 -0.416
1.8375 -0.415412
1.8425 -0.414823
1.8475 -0.414234
1.8525 -0.413646
1.8575 -0.413058
1.8625 -0.41247
1.8675 -0.411882
1.8725 -0.411294
1.8775 -0.410707
1.8825 -0.41012
1.8875 -0.409533
1.8925 -0.408946
1.8975 -0.40836
1.9025 -0.407774
1.9075 -0.407189
1.9125 -0.406604
1.9175 -0.406019
1.9225 -0.405435
1.9275 -0.404851
1.9325 -0.404267
1.9375 -0.403684
1.9425 -0.403101
1.9475 -0.402519
1.9525 -0.401938
1.9575 -0.401356
1.9625 -0.400776
1.9675 -0.400195
1.9725 -0.399616
1.9775 -0.399037
1.9825 -0.398458
1.9875 -0.39788
1.9925 -0.397303
1.9975 -0.396726
2.0025 -0.396149
2.0075 -0.395574
2.0125 -0.394999
2.0175 -0.394424
2.0225 -0.39385
2.0275 -0.393277
2.0325 -0.392705
2.0375 -0.392133
2.0425 -0.391562
2.0475 -0.390991
2.0525 -0.390421
2.0575 -0.389852
2.0625 -0.389284
2.0675 -0.388716
2.0725 -0.388149
2.0775 -0.387583
2.0825 -0.387018
2.0875 -0.386453
2.0925 -0.385889
2.0975 -0.385325
2.1025 -0.384763
2.1075 -0.384201
2.1125 -0.38364
2.1175 -0.38308
2.1225 -0.382521
2.1275 -0.381962
2.1325 -0.381405
2.1375 -0.380848
2.1425 -0.380291
2.1475 -0.379736
2.1525 -0.379182
2.1575 -0.378628
2.1625 -0.378075
2.1675 -0.377523
2.1725 -0.376972
2.1775 -0.376422
2.1825 -0.375873
2.1875 -0.375324
2.1925 -0.374776
2.1975 -0.37423
2.2025 -0.373684
2.2075 -0.373139
2.2125 -0.372595
2.2175 -0.372051
2.2225 -0.371509
2.2275 -0.370968
2.2325 -0.370427
2.2375 -0.369887
2.2425 -0.369349
2.2475 -0.368811
2.2525 -0.368274
2.2575 -0.367738
2.2625 -0.367203
2.2675 -0.366669
2.2725 -0.366136
2.2775 -0.365603
2.2825 -0.365072
2.2875 -0.364542
2.2925 -0.364012
2.2975 -0.363484
2.3025 -0.362956
2.3075 -0.362429
2.3125 -0.361904
2.3175 -0.361379
2.3225 -0.360855
2.3275 -0.360332
2.3325 -0.359811
2.3375 -0.35929
2.3425 -0.35877
2.3475 -0.358251
2.3525 -0.357733
2.3575 -0.357216
2.3625 -0.3567
2.3675 -0.356185
2.3725 -0.35567
2.3775 -0.355157
2.3825 -0.354645
2.3875 -0.354134
2.3925 -0.353624
2.3975 -0.353114
2.4025 -0.352606
2.4075 -0.352099
2.4125 -0.351592
2.4175 -0.351087
2.4225 -0.350583
2.4275 -0.350079
2.4325 -0.349577
2.4375 -0.349076
2.4425 -0.348575
2.4475 -0.348076
2.4525 -0.347577
2.4575 -0.34708
2.4625 -0.346583
2.4675 -0.346088
2.4725 -0.345593
2.4775 -0.3451
2.4825 -0.344607
2.4875 -0.344116
2.4925 -0.343625
2.4975 -0.343136
