1.0025 1.17161e-05
1.0075 1.19345e-05
1.0125 1.21575e-05
1.0175 1.23852e-05
1.0225 1.2618e-05
1.0275 1.28558e-05
1.0325 1.30988e-05
1.0375 1.33472e-05
1.0425 1.36012e-05
1.0475 1.38609e-05
1.0525 1.41265e-05
1.0575 1.43982e-05
1.0625 1.46761e-05
1.0675 1.49605e-05
1.0725 1.52516e-05
1.0775 1.55497e-05
1.0825 1.58548e-05
1.0875 1.61673e-05
1.0925 1.64874e-05
1.0975 1.68154e-05
1.1025 1.71515e-05
1.1075 1.74961e-05
1.1125 1.78493e-05
1.1175 1.82116e-05
1.1225 1.85832e-05
1.1275 1.89646e-05
1.1325 1.93559e-05
1.1375 1.97577e-05
1.1425 2.01703e-05
1.1475 2.05942e-05
1.1525 2.10296e-05
1.1575 2.14772e-05
1.1625 2.19374e-05
1.1675 2.24106e-05
1.1725 2.28975e-05
1.1775 2.33986e-05
1.1825 2.39144e-05
1.1875 2.44456e-05
1.1925 2.49929e-05
1.1975 2.55569e-05
1.2025 2.61383e-05
1.2075 2.67381e-05
1.2125 2.73569e-05
1.2175 2.79957e-05
1.2225 2.86554e-05
1.2275 2.9337e-05
1.2325 3.00416e-05
1.2375 3.07702e-05
1.2425 3.1524e-05
1.2475 3.23044e-05
1.2525 3.31127e-05
1.2575 3.39503e-05
1.2625 3.48189e-05
1.2675 3.57201e-05
1.2725 3.66556e-05
1.2775 3.76275e-05
1.2825 3.86379e-05
1.2875 3.96888e-05
1.2925 4.07829e-05
1.2975 4.19226e-05
1.3025 4.31109e-05
1.3075 4.43507e-05
1.3125 4.56456e-05
1.3175 4.6999e-05
1.3225 4.8415e-05
1.3275 4.98979e-05
1.3325 5.14525e-05
1.3375 5.3084e-05
1.3425 5.47982e-05
1.3475 5.66013e-05
1.3525 5.85004e-05
1.3575 6.05034e-05
1.3625 6.26187e-05
1.3675 6.48562e-05
1.3725 6.72266e-05
1.3775 6.9742e-05
1.3825 7.24163e-05
1.3875 7.52647e-05
1.3925 7.83052e-05
1.3975 8.15576e-05
1.4025 8.50453e-05
1.4075 8.87949e-05
1.4125 9.28372e-05
1.4175 9.72087e-05
1.4225 0.000101952
1.4275 0.000107117
1.4325 0.000112764
1.4375 0.000118966
1.4425 0.000125811
1.4475 0.000133408
1.4525 0.000141892
1.4575 0.000151436
1.4625 0.00016226
1.4675 0.000174652
1.4725 0.000189001
1.4775 0.000205838
1.4825 0.000225831
1.4875 0.00025024
1.4925 0.000280708
1.4975 0.000320048
1.5025 0.000373172
1.5075 0.000450306
1.5125 0.000575517
1.5175 0.000830587
1.5225 0.00195464
1.5275 0.0307683
1.5325 0.0478777
1.5375 0.0601762
1.5425 0.0702247
1.5475 0.0788855
1.5525 0.086576
1.5575 0.0935365
1.5625 0.0999203
1.5675 0.105833
1.5725 0.11135
1.5775 0.116529
1.5825 0.121414
1.5875 0.126039
1.5925 0.130434
1.5975 0.134622
1.6025 0.138622
1.6075 0.142451
1.6125 0.146123
1.6175 0.149651
1.6225 0.153044
1.6275 0.156313
1.6325 0.159465
1.6375 0.162509
1.6425 0.16545
1.6475 0.168295
1.6525 0.171049
1.6575 0.173717
1.6625 0.176304
1.6675 0.178813
1.6725 0.181248
1.6775 0.183613
1.6825 0.185911
1.6875 0.188144
1.6925 0.190316
1.6975 0.19243
1.7025 0.194486
1.7075 0.196489
1.7125 0.198439
1.7175 0.200339
1.7225 0.20219
1.7275 0.203995
1.7325 0.205755
1.7375 0.207471
1.7425 0.209144
1.7475 0.210778
1.7525 0.212371
1.7575 0.213927
1.7625 0.215445
1.7675 0.216928
1.7725 0.218376
1.7775 0.21979
1.7825 0.221171
1.7875 0.22252
1.7925 0.223839
1.7975 0.225127
1.8025 0.226386
1.8075 0.227616
1.8125 0.228818
1.8175 0.229993
1.8225 0.231142
1.8275 0.232266
1.8325 0.233364
1.8375 0.234437
1.8425 0.235487
1.8475 0.236514
1.8525 0.237518
1.8575 0.238499
1.8625 0.239459
1.8675 0.240398
1.8725 0.241316
1.8775 0.242213
1.8825 0.243091
1.8875 0.24395
1.8925 0.24479
1.8975 0.245611
1.9025 0.246414
1.9075 0.2472
1.9125 0.247968
1.9175 0.248719
1.9225 0.249453
1.9275 0.250171
1.9325 0.250873
1.9375 0.25156
1.9425 0.252231
1.9475 0.252887
1.9525 0.253529
1.9575 0.254156
1.9625 0.254769
1.9675 0.255368
1.9725 0.255953
1.9775 0.256525
1.9825 0.257084
1.9875 0.257631
1.9925 0.258164
1.9975 0.258685
2.0025 0.259195
2.0075 0.259692
2.0125 0.260177
2.0175 0.260651
2.0225 0.261114
2.0275 0.261566
2.0325 0.262007
2.0375 0.262437
2.0425 0.262857
2.0475 0.263266
2.0525 0.263666
2.0575 0.264055
2.0625 0.264435
2.0675 0.264805
2.0725 0.265166
2.0775 0.265517
2.0825 0.26586
2.0875 0.266193
2.0925 0.266518
2.0975 0.266834
2.1025 0.267141
2.1075 0.26744
2.1125 0.267731
2.1175 0.268014
2.1225 0.268289
2.1275 0.268556
2.1325 0.268816
2.1375 0.269068
2.1425 0.269312
2.1475 0.26955
2.1525 0.26978
2.1575 0.270003
2.1625 0.270219
2.1675 0.270428
2.1725 0.27063
2.1775 0.270826
2.1825 0.271016
2.1875 0.271199
2.1925 0.271375
2.1975 0.271546
2.2025 0.27171
2.2075 0.271868
2.2125 0.272021
2.2175 0.272167
2.2225 0.272308
2.2275 0.272443
2.2325 0.272573
2.2375 0.272697
2.2425 0.272816
2.2475 0.27293
2.2525 0.273038
2.2575 0.273141
2.2625 0.273239
2.2675 0.273333
2.2725 0.273421
2.2775 0.273504
2.2825 0.273583
2.2875 0.273657
2.2925 0.273727
2.2975 0.273791
2.3025 0.273852
2.3075 0.273908
2.3125 0.27396
2.3175 0.274007
2.3225 0.274051
2.3275 0.27409
2.3325 0.274125
2.3375 0.274156
2.3425 0.274183
2.3475 0.274206
2.3525 0.274226
2.3575 0.274241
2.3625 0.274253
2.3675 0.274261
2.3725 0.274266
2.3775 0.274267
2.3825 0.274265
2.3875 0.274259
2.3925 0.27425
2.3975 0.274237
2.4025 0.274222
2.4075 0.274202
2.4125 0.27418
2.4175 0.274155
2.4225 0.274126
2.4275 0.274095
2.4325 0.27406
2.4375 0.274023
2.4425 0.273982
2.4475 0.273939
2.4525 0.273893
2.4575 0.273844
2.4625 0.273792
2.4675 0.273738
2.4725 0.273681
2.4775 0.273621
2.4825 0.273559
2.4875 0.273494
2.4925 0.273426
2.4975 0.273357
