1.0025 0.0595479
1.0075 0.0772159
1.0125 0.0913671
1.0175 0.103444
1.0225 0.114104
1.0275 0.123712
1.0325 0.132499
1.0375 0.140618
1.0425 0.14818
1.0475 0.155267
1.0525 0.161942
1.0575 0.168255
1.0625 0.174247
1.0675 0.17995
1.0725 0.185391
1.0775 0.190595
1.0825 0.195581
1.0875 0.200365
1.0925 0.204964
1.0975 0.209389
1.1025 0.213653
1.1075 0.217765
1.1125 0.221736
1.1175 0.225572
1.1225 0.229282
1.1275 0.232872
1.1325 0.236349
1.1375 0.239718
1.1425 0.242984
1.1475 0.246151
1.1525 0.249226
1.1575 0.25221
1.1625 0.255109
1.1675 0.257926
1.1725 0.260664
1.1775 0.263325
1.1825 0.265914
1.1875 0.268432
1.1925 0.270882
1.1975 0.273267
1.2025 0.275588
1.2075 0.277849
1.2125 0.28005
1.2175 0.282194
1.2225 0.284283
1.2275 0.286318
1.2325 0.2883
1.2375 0.290233
1.2425 0.292116
1.2475 0.293952
1.2525 0.295742
1.2575 0.297486
1.2625 0.299187
1.2675 0.300846
1.2725 0.302463
1.2775 0.30404
1.2825 0.305577
1.2875 0.307076
1.2925 0.308539
1.2975 0.309964
1.3025 0.311355
1.3075 0.312711
1.3125 0.314033
1.3175 0.315322
1.3225 0.316579
1.3275 0.317805
1.3325 0.319
1.3375 0.320165
1.3425 0.321301
1.3475 0.322408
1.3525 0.323488
1.3575 0.32454
1.3625 0.325565
1.3675 0.326564
1.3725 0.327538
1.3775 0.328487
1.3825 0.329411
1.3875 0.330311
1.3925 0.331188
1.3975 0.332042
1.4025 0.332873
1.4075 0.333682
1.4125 0.33447
1.4175 0.335236
1.4225 0.335982
1.4275 0.336708
1.4325 0.337413
1.4375 0.3381
1.4425 0.338767
1.4475 0.339415
1.4525 0.340045
1.4575 0.340657
1.4625 0.341251
1.4675 0.341828
1.4725 0.342388
1.4775 0.342931
1.4825 0.343458
1.4875 0.343969
1.4925 0.344465
1.4975 0.344944
1.5025 0.345409
1.5075 0.345859
1.5125 0.346294
1.5175 0.346715
1.5225 0.347122
1.5275 0.347515
1.5325 0.347894
1.5375 0.34826
1.5425 0.348613
1.5475 0.348954
1.5525 0.349282
1.5575 0.349597
1.5625 0.3499
1.5675 0.350192
1.5725 0.350471
1.5775 0.35074
1.5825 0.350996
1.5875 0.351242
1.5925 0.351477
1.5975 0.351701
1.6025 0.351915
1.6075 0.352119
1.6125 0.352312
1.6175 0.352495
1.6225 0.352669
1.6275 0.352833
1.6325 0.352987
1.6375 0.353132
1.6425 0.353269
1.6475 0.353396
1.6525 0.353514
1.6575 0.353624
1.6625 0.353725
1.6675 0.353818
1.6725 0.353902
1.6775 0.353979
1.6825 0.354048
1.6875 0.354109
1.6925 0.354162
1.6975 0.354208
1.7025 0.354246
1.7075 0.354277
1.7125 0.354301
1.7175 0.354318
1.7225 0.354328
1.7275 0.354331
1.7325 0.354328
1.7375 0.354318
1.7425 0.354301
1.7475 0.354278
1.7525 0.354249
1.7575 0.354214
1.7625 0.354173
1.7675 0.354126
1.7725 0.354074
1.7775 0.354015
1.7825 0.353951
1.7875 0.353882
1.7925 0.353807
1.7975 0.353726
1.8025 0.353641
1.8075 0.35355
1.8125 0.353455
1.8175 0.353354
1.8225 0.353248
1.8275 0.353138
1.8325 0.353023
1.8375 0.352903
1.8425 0.352779
1.8475 0.35265
1.8525 0.352517
1.8575 0.35238
1.8625 0.352238
1.8675 0.352093
1.8725 0.351943
1.8775 0.351789
1.8825 0.351631
1.8875 0.351469
1.8925 0.351304
1.8975 0.351134
1.9025 0.350961
1.9075 0.350785
1.9125 0.350604
1.9175 0.350421
1.9225 0.350234
1.9275 0.350043
1.9325 0.349849
1.9375 0.349652
1.9425 0.349452
1.9475 0.349249
1.9525 0.349042
1.9575 0.348833
1.9625 0.34862
1.9675 0.348405
1.9725 0.348187
1.9775 0.347966
1.9825 0.347742
1.9875 0.347515
1.9925 0.347286
1.9975 0.347054
2.0025 0.34682
2.0075 0.346583
2.0125 0.346343
2.0175 0.346102
2.0225 0.345857
2.0275 0.345611
2.0325 0.345362
2.0375 0.345111
2.0425 0.344858
2.0475 0.344602
2.0525 0.344344
2.0575 0.344085
2.0625 0.343823
2.0675 0.343559
2.0725 0.343293
2.0775 0.343026
2.0825 0.342756
2.0875 0.342485
2.0925 0.342211
2.0975 0.341936
2.1025 0.34166
2.1075 0.341381
2.1125 0.341101
2.1175 0.340819
2.1225 0.340535
2.1275 0.34025
2.1325 0.339964
2.1375 0.339676
2.1425 0.339386
2.1475 0.339095
2.1525 0.338802
2.1575 0.338508
2.1625 0.338213
2.1675 0.337917
2.1725 0.337619
2.1775 0.337319
2.1825 0.337019
2.1875 0.336717
2.1925 0.336414
2.1975 0.33611
2.2025 0.335805
2.2075 0.335498
2.2125 0.335191
2.2175 0.334882
2.2225 0.334573
2.2275 0.334262
2.2325 0.33395
2.2375 0.333638
2.2425 0.333324
2.2475 0.33301
2.2525 0.332694
2.2575 0.332378
2.2625 0.332061
2.2675 0.331743
2.2725 0.331424
2.2775 0.331104
2.2825 0.330783
2.2875 0.330462
2.2925 0.33014
2.2975 0.329818
2.3025 0.329494
2.3075 0.32917
2.3125 0.328845
2.3175 0.32852
2.3225 0.328194
2.3275 0.327867
2.3325 0.32754
2.3375 0.327212
2.3425 0.326883
2.3475 0.326554
2.3525 0.326225
2.3575 0.325895
2.3625 0.325564
2.3675 0.325233
2.3725 0.324902
2.3775 0.32457
2.3825 0.324238
2.3875 0.323905
2.3925 0.323572
2.3975 0.323238
2.4025 0.322904
2.4075 0.32257
2.4125 0.322235
2.4175 0.3219
2.4225 0.321565
2.4275 0.321229
2.4325 0.320893
2.4375 0.320557
2.4425 0.32022
2.4475 0.319884
2.4525 0.319547
2.4575 0.31921
2.4625 0.318872
2.4675 0.318534
2.4725 0.318197
2.4775 0.317858
2.4825 0.31752
2.4875 0.317182
2.4925 0.316843
2.4975 0.316505
