1.0025 12.2378
1.0075 12.0937
1.0125 11.9518
1.0175 11.8119
1.0225 11.674
1.0275 11.5381
1.0325 11.4041
1.0375 11.272
1.0425 11.1417
1.0475 11.0133
1.0525 10.8867
1.0575 10.7618
1.0625 10.6386
1.0675 10.5171
1.0725 10.3972
1.0775 10.279
1.0825 10.1623
1.0875 10.0472
1.0925 9.93365
1.0975 9.82159
1.1025 9.711
1.1075 9.60185
1.1125 9.49412
1.1175 9.38779
1.1225 9.28282
1.1275 9.1792
1.1325 9.07689
1.1375 8.97589
1.1425 8.87615
1.1475 8.77766
1.1525 8.6804
1.1575 8.58435
1.1625 8.48948
1.1675 8.39578
1.1725 8.30322
1.1775 8.21178
1.1825 8.12145
1.1875 8.03221
1.1925 7.94403
1.1975 7.85691
1.2025 7.77081
1.2075 7.68573
1.2125 7.60165
1.2175 7.51855
1.2225 7.43641
1.2275 7.35522
1.2325 7.27496
1.2375 7.19563
1.2425 7.11719
1.2475 7.03965
1.2525 6.96297
1.2575 6.88716
1.2625 6.8122
1.2675 6.73807
1.2725 6.66476
1.2775 6.59226
1.2825 6.52055
1.2875 6.44963
1.2925 6.37947
1.2975 6.31008
1.3025 6.24144
1.3075 6.17353
1.3125 6.10635
1.3175 6.03988
1.3225 5.97412
1.3275 5.90906
1.3325 5.84468
1.3375 5.78098
1.3425 5.71794
1.3475 5.65556
1.3525 5.59383
1.3575 5.53273
1.3625 5.47227
1.3675 5.41244
1.3725 5.35322
1.3775 5.2946
1.3825 5.23659
1.3875 5.17917
1.3925 5.12233
1.3975 5.06608
1.4025 5.0104
1.4075 4.95528
1.4125 4.90073
1.4175 4.84673
1.4225 4.79328
1.4275 4.74038
1.4325 4.68802
1.4375 4.63619
1.4425 4.5849
1.4475 4.53413
1.4525 4.48389
1.4575 4.43417
1.4625 4.38497
1.4675 4.33629
1.4725 4.28812
1.4775 4.24046
1.4825 4.19332
1.4875 4.14668
1.4925 4.10056
1.4975 4.05495
1.5025 4.00985
1.5075 3.96527
1.5125 3.92121
1.5175 3.87766
1.5225 3.83464
1.5275 3.79215
1.5325 3.75019
1.5375 3.70878
1.5425 3.66792
1.5475 3.62761
1.5525 3.58787
1.5575 3.54872
1.5625 3.51016
1.5675 3.47221
1.5725 3.43489
1.5775 3.39821
1.5825 3.36221
1.5875 3.3269
1.5925 3.29232
1.5975 3.2585
1.6025 3.22546
1.6075 3.19327
1.6125 3.16195
1.6175 3.13157
1.6225 3.10218
1.6275 3.07385
1.6325 3.04667
1.6375 3.02071
1.6425 2.99609
1.6475 2.97292
1.6525 2.95135
1.6575 2.93152
1.6625 2.91362
1.6675 2.89789
1.6725 2.88457
1.6775 2.87398
1.6825 2.86649
1.6875 2.86255
1.6925 2.86271
1.6975 2.86764
1.7025 2.87819
1.7075 2.89543
1.7125 2.9207
1.7175 2.9558
1.7225 3.00305
1.7275 3.06565
1.7325 3.14798
1.7375 3.25636
1.7425 3.40007
1.7475 3.59351
1.7525 3.8601
1.7575 4.24083
1.7625 4.81433
1.7675 5.75321
1.7725 7.52402
1.7775 11.9767
1.7825 42.1696
1.7875 -20.501
1.7925 -7.30246
1.7975 -4.0894
1.8025 -2.65695
1.8075 -1.85657
1.8125 -1.35267
1.8175 -1.01151
1.8225 -0.769273
1.8275 -0.591636
1.8325 -0.458514
1.8375 -0.357366
1.8425 -0.279955
1.8475 -0.220652
1.8525 -0.175479
1.8575 -0.141544
1.8625 -0.116697
1.8675 -0.099304
1.8725 -0.0881037
1.8775 -0.0821061
1.8825 -0.0805235
1.8875 -0.0827221
1.8925 -0.0881861
1.8975 -0.0964917
1.9025 -0.107288
1.9075 -0.120281
1.9125 -0.135225
1.9175 -0.15191
1.9225 -0.17016
1.9275 -0.189822
1.9325 -0.210765
1.9375 -0.232877
1.9425 -0.256059
1.9475 -0.280227
1.9525 -0.305307
1.9575 -0.331234
1.9625 -0.357951
1.9675 -0.385408
1.9725 -0.413562
1.9775 -0.442375
1.9825 -0.471812
1.9875 -0.501845
1.9925 -0.532446
1.9975 -0.563593
2.0025 -0.595267
2.0075 -0.627449
2.0125 -0.660125
2.0175 -0.693282
2.0225 -0.726908
2.0275 -0.760995
2.0325 -0.795534
2.0375 -0.830518
2.0425 -0.865944
2.0475 -0.901806
2.0525 -0.938103
2.0575 -0.974831
2.0625 -1.01199
2.0675 -1.04958
2.0725 -1.08761
2.0775 -1.12607
2.0825 -1.16497
2.0875 -1.20431
2.0925 -1.24409
2.0975 -1.28433
2.1025 -1.32501
2.1075 -1.36617
2.1125 -1.40779
2.1175 -1.44988
2.1225 -1.49246
2.1275 -1.53554
2.1325 -1.57911
2.1375 -1.6232
2.1425 -1.66781
2.1475 -1.71296
2.1525 -1.75865
2.1575 -1.8049
2.1625 -1.85172
2.1675 -1.89912
2.1725 -1.94713
2.1775 -1.99575
2.1825 -2.045
2.1875 -2.0949
2.1925 -2.14546
2.1975 -2.19671
2.2025 -2.24866
2.2075 -2.30132
2.2125 -2.35473
2.2175 -2.40891
2.2225 -2.46386
2.2275 -2.51963
2.2325 -2.57623
2.2375 -2.63369
2.2425 -2.69203
2.2475 -2.75128
2.2525 -2.81147
2.2575 -2.87263
2.2625 -2.9348
2.2675 -2.99799
2.2725 -3.06226
2.2775 -3.12763
2.2825 -3.19413
2.2875 -3.26182
2.2925 -3.33073
2.2975 -3.40089
2.3025 -3.47236
2.3075 -3.54518
2.3125 -3.6194
2.3175 -3.69507
2.3225 -3.77225
2.3275 -3.85098
2.3325 -3.93133
2.3375 -4.01335
2.3425 -4.09712
2.3475 -4.18269
2.3525 -4.27015
2.3575 -4.35956
2.3625 -4.451
2.3675 -4.54455
2.3725 -4.64031
2.3775 -4.73835
2.3825 -4.83879
2.3875 -4.94171
2.3925 -5.04723
2.3975 -5.15547
2.4025 -5.26653
2.4075 -5.38056
2.4125 -5.49768
2.4175 -5.61803
2.4225 -5.74178
2.4275 -5.86907
2.4325 -6.00008
2.4375 -6.135
2.4425 -6.27402
2.4475 -6.41735
2.4525 -6.5652
2.4575 -6.71782
2.4625 -6.87546
2.4675 -7.03839
2.4725 -7.2069
2.4775 -7.3813
2.4825 -7.56194
2.4875 -7.74917
2.4925 -7.94339
2.4975 -8.14502
