1.0025 -18.4116
1.0075 -18.0403
1.0125 -17.6758
1.0175 -17.318
1.0225 -16.9666
1.0275 -16.6217
1.0325 -16.283
1.0375 -15.9505
1.0425 -15.624
1.0475 -15.3034
1.0525 -14.9886
1.0575 -14.6796
1.0625 -14.3761
1.0675 -14.0781
1.0725 -13.7856
1.0775 -13.4983
1.0825 -13.2162
1.0875 -12.9392
1.0925 -12.6672
1.0975 -12.4002
1.1025 -12.138
1.1075 -11.8805
1.1125 -11.6277
1.1175 -11.3795
1.1225 -11.1358
1.1275 -10.8965
1.1325 -10.6615
1.1375 -10.4308
1.1425 -10.2043
1.1475 -9.98197
1.1525 -9.76365
1.1575 -9.54931
1.1625 -9.33888
1.1675 -9.13231
1.1725 -8.92951
1.1775 -8.73043
1.1825 -8.535
1.1875 -8.34317
1.1925 -8.15486
1.1975 -7.97003
1.2025 -7.78862
1.2075 -7.61056
1.2125 -7.4358
1.2175 -7.26429
1.2225 -7.09597
1.2275 -6.93079
1.2325 -6.7687
1.2375 -6.60964
1.2425 -6.45357
1.2475 -6.30044
1.2525 -6.15019
1.2575 -6.00279
1.2625 -5.85818
1.2675 -5.71632
1.2725 -5.57716
1.2775 -5.44066
1.2825 -5.30678
1.2875 -5.17546
1.2925 -5.04668
1.2975 -4.92039
1.3025 -4.79654
1.3075 -4.6751
1.3125 -4.55602
1.3175 -4.43927
1.3225 -4.32482
1.3275 -4.21261
1.3325 -4.10261
1.3375 -3.99479
1.3425 -3.88912
1.3475 -3.78554
1.3525 -3.68403
1.3575 -3.58456
1.3625 -3.48708
1.3675 -3.39157
1.3725 -3.29798
1.3775 -3.20629
1.3825 -3.11647
1.3875 -3.02847
1.3925 -2.94227
1.3975 -2.85784
1.4025 -2.77513
1.4075 -2.69413
1.4125 -2.6148
1.4175 -2.53711
1.4225 -2.46102
1.4275 -2.38651
1.4325 -2.31355
1.4375 -2.2421
1.4425 -2.17213
1.4475 -2.10362
1.4525 -2.03653
1.4575 -1.97084
1.4625 -1.90651
1.4675 -1.84351
1.4725 -1.78181
1.4775 -1.72139
1.4825 -1.66221
1.4875 -1.60423
1.4925 -1.54744
1.4975 -1.49179
1.5025 -1.43726
1.5075 -1.38382
1.5125 -1.33143
1.5175 -1.28006
1.5225 -1.22967
1.5275 -1.18024
1.5325 -1.13172
1.5375 -1.08409
1.5425 -1.0373
1.5475 -0.991325
1.5525 -0.946116
1.5575 -0.901637
1.5625 -0.857846
1.5675 -0.8147
1.5725 -0.772153
1.5775 -0.73016
1.5825 -0.688669
1.5875 -0.647629
1.5925 -0.606983
1.5975 -0.566673
1.6025 -0.526635
1.6075 -0.4868
1.6125 -0.447096
1.6175 -0.407441
1.6225 -0.36775
1.6275 -0.327927
1.6325 -0.287866
1.6375 -0.24745
1.6425 -0.20655
1.6475 -0.165018
1.6525 -0.12269
1.6575 -0.0793774
1.6625 -0.0348643
1.6675 0.0110983
1.6725 0.0588003
1.6775 0.108582
1.6825 0.160847
1.6875 0.216076
1.6925 0.274854
1.6975 0.337892
1.7025 0.406071
1.7075 0.480498
1.7125 0.56258
1.7175 0.654141
1.7225 0.757589
1.7275 0.876171
1.7325 1.01438
1.7375 1.17863
1.7425 1.37839
1.7475 1.62828
1.7525 1.95208
1.7575 2.39141
1.7625 3.02606
1.7675 4.03119
1.7725 5.8801
1.7775 10.4496
1.7825 41.1318
1.7875 -22.3941
1.7925 -8.95244
1.7975 -5.64088
1.8025 -4.13572
1.8075 -3.27174
1.8125 -2.70849
1.8175 -2.31026
1.8225 -2.01227
1.8275 -1.77967
1.8325 -1.59205
1.8375 -1.43666
1.8425 -1.30512
1.8475 -1.19167
1.8525 -1.09225
1.8575 -1.00389
1.8625 -0.924375
1.8675 -0.852017
1.8725 -0.785499
1.8775 -0.72378
1.8825 -0.666027
1.8875 -0.611558
1.8925 -0.559813
1.8975 -0.510326
1.9025 -0.462701
1.9075 -0.416601
1.9125 -0.371737
1.9175 -0.327856
1.9225 -0.284737
1.9275 -0.242184
1.9325 -0.200022
1.9375 -0.158092
1.9425 -0.11625
1.9475 -0.0743664
1.9525 -0.0323188
1.9575 0.0100052
1.9625 0.0527114
1.9675 0.0958989
1.9725 0.139662
1.9775 0.184092
1.9825 0.229273
1.9875 0.27529
1.9925 0.322224
1.9975 0.370154
2.0025 0.419156
2.0075 0.469307
2.0125 0.520682
2.0175 0.573356
2.0225 0.627401
2.0275 0.682892
2.0325 0.739903
2.0375 0.798507
2.0425 0.85878
2.0475 0.920794
2.0525 0.984627
2.0575 1.05035
2.0625 1.11805
2.0675 1.1878
2.0725 1.25968
2.0775 1.33377
2.0825 1.41015
2.0875 1.48891
2.0925 1.57014
2.0975 1.65391
2.1025 1.74033
2.1075 1.82948
2.1125 1.92145
2.1175 2.01635
2.1225 2.11428
2.1275 2.21532
2.1325 2.3196
2.1375 2.42721
2.1425 2.53827
2.1475 2.6529
2.1525 2.7712
2.1575 2.8933
2.1625 3.01932
2.1675 3.14939
2.1725 3.28365
2.1775 3.42223
2.1825 3.56527
2.1875 3.71292
2.1925 3.86533
2.1975 4.02266
2.2025 4.18506
2.2075 4.35271
2.2125 4.52577
2.2175 4.70443
2.2225 4.88888
2.2275 5.0793
2.2325 5.2759
2.2375 5.47888
2.2425 5.68846
2.2475 5.90487
2.2525 6.12834
2.2575 6.3591
2.2625 6.59742
2.2675 6.84356
2.2725 7.09778
2.2775 7.36038
2.2825 7.63165
2.2875 7.91189
2.2925 8.20144
2.2975 8.50064
2.3025 8.80982
2.3075 9.12937
2.3125 9.45966
2.3175 9.80109
2.3225 10.1541
2.3275 10.5191
2.3325 10.8966
2.3375 11.2871
2.3425 11.691
2.3475 12.1089
2.3525 12.5414
2.3575 12.989
2.3625 13.4524
2.3675 13.9322
2.3725 14.4291
2.3775 14.9439
2.3825 15.4772
2.3875 16.03
2.3925 16.603
2.3975 17.1971
2.4025 17.8134
2.4075 18.4528
2.4125 19.1163
2.4175 19.8052
2.4225 20.5205
2.4275 21.2637
2.4325 22.036
2.4375 22.8389
2.4425 23.6739
2.4475 24.5427
2.4525 25.447
2.4575 26.3887
2.4625 27.3698
2.4675 28.3925
2.4725 29.459
2.4775 30.5718
2.4825 31.7337
2.4875 32.9474
2.4925 34.2161
2.4975 35.543
