1.0025 3.57092
1.0075 3.57215
1.0125 3.57301
1.0175 3.57349
1.0225 3.57354
1.0275 3.57314
1.0325 3.57226
1.0375 3.57086
1.0425 3.56892
1.0475 3.5664
1.0525 3.56328
1.0575 3.55953
1.0625 3.55512
1.0675 3.55003
1.0725 3.54424
1.0775 3.53773
1.0825 3.53048
1.0875 3.52246
1.0925 3.51368
1.0975 3.50412
1.1025 3.49378
1.1075 3.48265
1.1125 3.47075
1.1175 3.45807
1.1225 3.44463
1.1275 3.43045
1.1325 3.41555
1.1375 3.39997
1.1425 3.38374
1.1475 3.36691
1.1525 3.34954
1.1575 3.33168
1.1625 3.3134
1.1675 3.2948
1.1725 3.27595
1.1775 3.25697
1.1825 3.23797
1.1875 3.21908
1.1925 3.20046
1.1975 3.18228
1.2025 3.16471
1.2075 3.14799
1.2125 3.13235
1.2175 3.11808
1.2225 3.10551
1.2275 3.095
1.2325 3.08702
1.2375 3.08208
1.2425 3.08081
1.2475 3.08398
1.2525 3.09255
1.2575 3.10768
1.2625 3.13088
1.2675 3.16411
1.2725 3.20993
1.2775 3.27185
1.2825 3.35475
1.2875 3.46567
1.2925 3.61514
1.2975 3.81973
1.3025 4.1071
1.3075 4.52713
1.3125 5.18001
1.3175 6.30113
1.3225 8.60523
1.3275 15.7737
1.3325 -373.972
1.3375 -11.6173
1.3425 -5.19157
1.3475 -3.02253
1.3525 -1.94595
1.3575 -1.31073
1.3625 -0.897196
1.3675 -0.610558
1.3725 -0.4032
1.3775 -0.248583
1.3825 -0.130742
1.3875 -0.0394998
1.3925 0.0319399
1.3975 0.0882868
1.4025 0.132908
1.4075 0.168272
1.4125 0.196232
1.4175 0.218202
1.4225 0.235284
1.4275 0.248342
1.4325 0.258069
1.4375 0.265022
1.4425 0.269656
1.4475 0.272345
1.4525 0.273399
1.4575 0.273074
1.4625 0.271587
1.4675 0.269122
1.4725 0.265832
1.4775 0.261849
1.4825 0.257285
1.4875 0.252236
1.4925 0.246785
1.4975 0.241003
1.5025 0.234951
1.5075 0.228681
1.5125 0.22224
1.5175 0.215667
1.5225 0.208995
1.5275 0.202255
1.5325 0.19547
1.5375 0.188664
1.5425 0.181854
1.5475 0.175057
1.5525 0.168286
1.5575 0.161552
1.5625 0.154866
1.5675 0.148234
1.5725 0.141663
1.5775 0.135159
1.5825 0.128725
1.5875 0.122364
1.5925 0.116079
1.5975 0.109869
1.6025 0.103735
1.6075 0.0976774
1.6125 0.0916939
1.6175 0.085783
1.6225 0.0799421
1.6275 0.0741681
1.6325 0.0684572
1.6375 0.0628051
1.6425 0.0572068
1.6475 0.0516567
1.6525 0.0461484
1.6575 0.0406748
1.6625 0.0352281
1.6675 0.0297993
1.6725 0.0243786
1.6775 0.018955
1.6825 0.0135158
1.6875 0.0080471
1.6925 0.00253277
1.6975 -0.00304548
1.7025 -0.00870876
1.7075 -0.0144815
1.7125 -0.0203923
1.7175 -0.0264749
1.7225 -0.0327693
1.7275 -0.0393238
1.7325 -0.0461972
1.7375 -0.0534615
1.7425 -0.0612068
1.7475 -0.0695473
1.7525 -0.0786294
1.7575 -0.0886456
1.7625 -0.0998531
1.7675 -0.112605
1.7725 -0.127398
1.7775 -0.144958
1.7825 -0.166386
1.7875 -0.193442
1.7925 -0.229116
1.7975 -0.27895
1.8025 -0.354477
1.8075 -0.48435
1.8125 -0.76483
1.8175 -1.84614
1.8225 4.15069
1.8275 0.953397
1.8325 0.528664
1.8375 0.359778
1.8425 0.268466
1.8475 0.210876
1.8525 0.170973
1.8575 0.141504
1.8625 0.118708
1.8675 0.100438
1.8725 0.0853832
1.8775 0.0726933
1.8825 0.061795
1.8875 0.0522867
1.8925 0.0438786
1.8975 0.0363562
1.9025 0.0295572
1.9075 0.0233564
1.9125 0.0176556
1.9175 0.0123765
1.9225 0.00745586
1.9275 0.00284202
1.9325 -0.00150787
1.9375 -0.00562965
1.9425 -0.00955362
1.9475 -0.0133057
1.9525 -0.0169081
1.9575 -0.0203805
1.9625 -0.0237397
1.9675 -0.0270011
1.9725 -0.0301782
1.9775 -0.0332831
1.9825 -0.0363273
1.9875 -0.0393209
1.9925 -0.0422735
1.9975 -0.0451942
2.0025 -0.0480917
2.0075 -0.050974
2.0125 -0.0538493
2.0175 -0.0567253
2.0225 -0.0596098
2.0275 -0.0625106
2.0325 -0.0654355
2.0375 -0.0683926
2.0425 -0.07139
2.0475 -0.0744364
2.0525 -0.0775406
2.0575 -0.0807122
2.0625 -0.0839613
2.0675 -0.0872985
2.0725 -0.0907356
2.0775 -0.0942852
2.0825 -0.0979609
2.0875 -0.101778
2.0925 -0.105753
2.0975 -0.109905
2.1025 -0.114254
2.1075 -0.118824
2.1125 -0.123641
2.1175 -0.128734
2.1225 -0.134138
2.1275 -0.139892
2.1325 -0.146041
2.1375 -0.152638
2.1425 -0.159743
2.1475 -0.16743
2.1525 -0.175785
2.1575 -0.184911
2.1625 -0.194932
2.1675 -0.206002
2.1725 -0.218307
2.1775 -0.232083
2.1825 -0.247627
2.1875 -0.265321
2.1925 -0.285663
2.1975 -0.30932
2.2025 -0.337199
2.2075 -0.370567
2.2125 -0.411258
2.2175 -0.46202
2.2225 -0.527167
2.2275 -0.613887
2.2325 -0.735109
2.2375 -0.916661
2.2425 -1.21871
2.2475 -1.82125
2.2525 -3.61815
2.2575 -426.149
2.2625 3.66081
2.2675 1.81731
2.2725 1.20617
2.2775 0.901156
2.2825 0.718275
2.2875 0.59638
2.2925 0.509304
2.2975 0.443978
2.3025 0.393147
2.3075 0.352461
2.3125 0.319152
2.3175 0.291376
2.3225 0.267857
2.3275 0.247682
2.3325 0.230183
2.3375 0.214859
2.3425 0.201328
2.3475 0.189289
2.3525 0.178509
2.3575 0.168799
2.3625 0.160007
2.3675 0.152008
2.3725 0.144698
2.3775 0.137993
2.3825 0.131819
2.3875 0.126117
2.3925 0.120833
2.3975 0.115923
2.4025 0.111349
2.4075 0.107077
2.4125 0.103079
2.4175 0.0993288
2.4225 0.0958041
2.4275 0.0924854
2.4325 0.089355
2.4375 0.0863975
2.4425 0.0835991
2.4475 0.0809472
2.4525 0.0784308
2.4575 0.0760398
2.4625 0.0737651
2.4675 0.0715986
2.4725 0.0695328
2.4775 0.0675609
2.4825 0.0656769
2.4875 0.0638749
2.4925 0.0621499
2.4975 0.0604971
