1.0025 85.2563
1.0075 84.4254
1.0125 83.5819
1.0175 82.7251
1.0225 81.8546
1.0275 80.9699
1.0325 80.0704
1.0375 79.1557
1.0425 78.2253
1.0475 77.279
1.0525 76.3162
1.0575 75.3368
1.0625 74.3404
1.0675 73.3269
1.0725 72.2962
1.0775 71.248
1.0825 70.1824
1.0875 69.0993
1.0925 67.999
1.0975 66.8814
1.1025 65.7469
1.1075 64.5956
1.1125 63.4279
1.1175 62.2442
1.1225 61.045
1.1275 59.8308
1.1325 58.6021
1.1375 57.3596
1.1425 56.1038
1.1475 54.8357
1.1525 53.5557
1.1575 52.2648
1.1625 50.9636
1.1675 49.6531
1.1725 48.3338
1.1775 47.0067
1.1825 45.6722
1.1875 44.3312
1.1925 42.9842
1.1975 41.6316
1.2025 40.2737
1.2075 38.9107
1.2125 37.5425
1.2175 36.1688
1.2225 34.789
1.2275 33.4019
1.2325 32.006
1.2375 30.5993
1.2425 29.1786
1.2475 27.74
1.2525 26.2782
1.2575 24.7862
1.2625 23.2546
1.2675 21.6707
1.2725 20.0175
1.2775 18.271
1.2825 16.3976
1.2875 14.3483
1.2925 12.0492
1.2975 9.38351
1.3025 6.15575
1.3075 2.01277
1.3125 -3.75537
1.3175 -12.817
1.3225 -30.2394
1.3275 -82.1221
1.3325 2680.05
1.3375 110.033
1.3425 63.4964
1.3475 47.1654
1.3525 38.6063
1.3575 33.2027
1.3625 29.3971
1.3675 26.5171
1.3725 24.2249
1.3775 22.332
1.3825 20.7247
1.3875 19.3305
1.3925 18.1009
1.3975 17.0019
1.4025 16.0092
1.4075 15.1048
1.4125 14.2751
1.4175 13.5094
1.4225 12.7995
1.4275 12.1387
1.4325 11.5215
1.4375 10.9434
1.4425 10.4007
1.4475 9.89008
1.4525 9.40889
1.4575 8.95472
1.4625 8.52551
1.4675 8.11943
1.4725 7.73484
1.4775 7.37029
1.4825 7.02448
1.4875 6.69621
1.4925 6.38442
1.4975 6.0881
1.5025 5.80636
1.5075 5.53834
1.5125 5.28328
1.5175 5.04045
1.5225 4.80918
1.5275 4.58884
1.5325 4.37884
1.5375 4.17862
1.5425 3.98766
1.5475 3.80547
1.5525 3.63159
1.5575 3.46557
1.5625 3.307
1.5675 3.15548
1.5725 3.01063
1.5775 2.8721
1.5825 2.73954
1.5875 2.61263
1.5925 2.49104
1.5975 2.37449
1.6025 2.26268
1.6075 2.15534
1.6125 2.05219
1.6175 1.95297
1.6225 1.85744
1.6275 1.76534
1.6325 1.67643
1.6375 1.59049
1.6425 1.50727
1.6475 1.42654
1.6525 1.34808
1.6575 1.27164
1.6625 1.197
1.6675 1.12392
1.6725 1.05214
1.6775 0.981415
1.6825 0.91147
1.6875 0.842021
1.6925 0.772758
1.6975 0.703346
1.7025 0.633415
1.7075 0.562555
1.7125 0.490299
1.7175 0.416112
1.7225 0.339373
1.7275 0.259349
1.7325 0.175165
1.7375 0.0857551
1.7425 -0.0101948
1.7475 -0.114335
1.7525 -0.228774
1.7575 -0.356262
1.7625 -0.500469
1.7675 -0.666409
1.7725 -0.86114
1.7775 -1.09494
1.7825 -1.3834
1.7875 -1.7514
1.7925 -2.24125
1.7975 -2.93126
1.8025 -3.98448
1.8075 -5.80589
1.8125 -9.756
1.8175 -25.0248
1.8225 59.7456
1.8275 14.5701
1.8325 8.58068
1.8375 6.20709
1.8425 4.92974
1.8475 4.1288
1.8525 3.57767
1.8575 3.1738
1.8625 2.86404
1.8675 2.61804
1.8725 2.41726
1.8775 2.24968
1.8825 2.10719
1.8875 1.98411
1.8925 1.87634
1.8975 1.78085
1.9025 1.69532
1.9075 1.618
1.9125 1.54748
1.9175 1.48266
1.9225 1.42264
1.9275 1.36669
1.9325 1.3142
1.9375 1.26465
1.9425 1.21761
1.9475 1.17272
1.9525 1.12966
1.9575 1.08814
1.9625 1.04792
1.9675 1.00879
1.9725 0.970549
1.9775 0.933015
1.9825 0.896028
1.9875 0.859436
1.9925 0.823098
1.9975 0.786882
2.0025 0.750658
2.0075 0.714305
2.0125 0.677701
2.0175 0.640726
2.0225 0.603264
2.0275 0.565193
2.0325 0.526392
2.0375 0.486736
2.0425 0.446095
2.0475 0.404333
2.0525 0.361307
2.0575 0.316865
2.0625 0.270845
2.0675 0.223072
2.0725 0.173356
2.0775 0.121491
2.0825 0.067251
2.0875 0.0103857
2.0925 -0.0493808
2.0975 -0.112356
2.1025 -0.178885
2.1075 -0.249355
2.1125 -0.324205
2.1175 -0.403933
2.1225 -0.489109
2.1275 -0.580388
2.1325 -0.678529
2.1375 -0.784414
2.1425 -0.899076
2.1475 -1.02374
2.1525 -1.15984
2.1575 -1.30913
2.1625 -1.47371
2.1675 -1.65614
2.1725 -1.85959
2.1775 -2.08802
2.1825 -2.34644
2.1875 -2.6413
2.1925 -2.98101
2.1975 -3.3768
2.2025 -3.84396
2.2075 -4.40392
2.2125 -5.08759
2.2175 -5.94133
2.2225 -7.03796
2.2275 -8.49878
2.2325 -10.5419
2.2375 -13.6033
2.2425 -18.6982
2.2475 -28.864
2.2525 -59.1846
2.2575 -7189.39
2.2625 63.6514
2.2675 32.544
2.2725 22.2326
2.2775 17.0868
2.2825 14.002
2.2875 11.9462
2.2925 10.4779
2.2975 9.37651
2.3025 8.51964
2.3075 7.83386
2.3125 7.27249
2.3175 6.80439
2.3225 6.40802
2.3275 6.06801
2.3325 5.77307
2.3375 5.51475
2.3425 5.28659
2.3475 5.08355
2.3525 4.90166
2.3575 4.73775
2.3625 4.58925
2.3675 4.45406
2.3725 4.33043
2.3775 4.21693
2.3825 4.11233
2.3875 4.01561
2.3925 3.92588
2.3975 3.84241
2.4025 3.76453
2.4075 3.6917
2.4125 3.62342
2.4175 3.55926
2.4225 3.49884
2.4275 3.44185
2.4325 3.38797
2.4375 3.33696
2.4425 3.28858
2.4475 3.24261
2.4525 3.19888
2.4575 3.15721
2.4625 3.11746
2.4675 3.07948
2.4725 3.04316
2.4775 3.00837
2.4825 2.97501
2.4875 2.943
2.4925 2.91224
2.4975 2.88266
