1.0025 0.026677
1.0075 0.0263206
1.0125 0.0259201
1.0175 0.0254722
1.0225 0.0249728
1.0275 0.0244182
1.0325 0.0238042
1.0375 0.0231263
1.0425 0.02238
1.0475 0.0215605
1.0525 0.0206628
1.0575 0.0196815
1.0625 0.0186111
1.0675 0.0174459
1.0725 0.0161796
1.0775 0.014806
1.0825 0.0133183
1.0875 0.0117095
1.0925 0.00997211
1.0975 0.00809841
1.1025 0.00608015
1.1075 0.00390864
1.1125 0.00157466
1.1175 -0.000931554
1.1225 -0.0036204
1.1275 -0.006503
1.1325 -0.00959127
1.1375 -0.012898
1.1425 -0.016437
1.1475 -0.0202234
1.1525 -0.0242735
1.1575 -0.0286052
1.1625 -0.0332383
1.1675 -0.0381946
1.1725 -0.0434985
1.1775 -0.049177
1.1825 -0.0552608
1.1875 -0.0617845
1.1925 -0.0687876
1.1975 -0.0763149
1.2025 -0.0844186
1.2075 -0.0931587
1.2125 -0.102605
1.2175 -0.112841
1.2225 -0.123964
1.2275 -0.13609
1.2325 -0.149359
1.2375 -0.16394
1.2425 -0.180041
1.2475 -0.19792
1.2525 -0.217898
1.2575 -0.240385
1.2625 -0.265905
1.2675 -0.295149
1.2725 -0.329038
1.2775 -0.368828
1.2825 -0.416283
1.2875 -0.473955
1.2925 -0.545677
1.2975 -0.637489
1.3025 -0.75948
1.3075 -0.929872
1.3125 -1.18528
1.3175 -1.61174
1.3225 -2.47056
1.3275 -5.10762
1.3325 137.367
1.3375 4.87448
1.3425 2.50949
1.3475 1.70096
1.3525 1.29205
1.3575 1.04471
1.3625 0.878638
1.3675 0.759193
1.3725 0.668967
1.3775 0.598261
1.3825 0.541243
1.3875 0.494192
1.3925 0.454627
1.3975 0.420827
1.4025 0.391561
1.4075 0.365926
1.4125 0.343244
1.4175 0.322997
1.4225 0.30478
1.4275 0.288276
1.4325 0.273228
1.4375 0.259429
1.4425 0.246711
1.4475 0.234932
1.4525 0.223976
1.4575 0.213745
1.4625 0.204154
1.4675 0.195133
1.4725 0.186621
1.4775 0.178563
1.4825 0.170915
1.4875 0.163634
1.4925 0.156687
1.4975 0.150041
1.5025 0.143669
1.5075 0.137544
1.5125 0.131645
1.5175 0.125952
1.5225 0.120445
1.5275 0.115108
1.5325 0.109926
1.5375 0.104883
1.5425 0.0999679
1.5475 0.0951666
1.5525 0.0904682
1.5575 0.0858615
1.5625 0.0813361
1.5675 0.0768821
1.5725 0.0724898
1.5775 0.0681498
1.5825 0.0638529
1.5875 0.0595901
1.5925 0.0553525
1.5975 0.0511309
1.6025 0.0469165
1.6075 0.0426998
1.6125 0.0384714
1.6175 0.0342214
1.6225 0.0299397
1.6275 0.0256154
1.6325 0.0212372
1.6375 0.0167928
1.6425 0.0122691
1.6475 0.00765219
1.6525 0.00292647
1.6575 -0.00192489
1.6625 -0.00692052
1.6675 -0.0120811
1.6725 -0.0174299
1.6775 -0.0229927
1.6825 -0.028799
1.6875 -0.0348825
1.6925 -0.0412813
1.6975 -0.04804
1.7025 -0.05521
1.7075 -0.0628517
1.7125 -0.071036
1.7175 -0.0798477
1.7225 -0.0893881
1.7275 -0.0997802
1.7325 -0.111174
1.7375 -0.123757
1.7425 -0.137761
1.7475 -0.153483
1.7525 -0.171306
1.7575 -0.191733
1.7625 -0.215439
1.7675 -0.24335
1.7725 -0.276777
1.7775 -0.31763
1.7825 -0.368814
1.7875 -0.434966
1.7925 -0.523983
1.7975 -0.650489
1.8025 -0.844934
1.8075 -1.18297
1.8125 -1.91875
1.8175 -4.76909
1.8225 11.0693
1.8275 2.63185
1.8325 1.51487
1.8375 1.07334
1.8425 0.836568
1.8475 0.688771
1.8525 0.587617
1.8575 0.513957
1.8625 0.457862
1.8675 0.413673
1.8725 0.377927
1.8775 0.348386
1.8825 0.323539
1.8875 0.302331
1.8925 0.283999
1.8975 0.267982
1.9025 0.253856
1.9075 0.241292
1.9125 0.230038
1.9175 0.219889
1.9225 0.210685
1.9275 0.202291
1.9325 0.194601
1.9375 0.187524
1.9425 0.180985
1.9475 0.17492
1.9525 0.169276
1.9575 0.164008
1.9625 0.159074
1.9675 0.154442
1.9725 0.150082
1.9775 0.145967
1.9825 0.142076
1.9875 0.138387
1.9925 0.134882
1.9975 0.131547
2.0025 0.128367
2.0075 0.125329
2.0125 0.122422
2.0175 0.119635
2.0225 0.11696
2.0275 0.114386
2.0325 0.111908
2.0375 0.109516
2.0425 0.107206
2.0475 0.10497
2.0525 0.102803
2.0575 0.1007
2.0625 0.0986548
2.0675 0.0966637
2.0725 0.0947217
2.0775 0.0928245
2.0825 0.0909678
2.0875 0.0891475
2.0925 0.0873595
2.0975 0.0855997
2.1025 0.083864
2.1075 0.0821483
2.1125 0.0804482
2.1175 0.0787593
2.1225 0.0770766
2.1275 0.0753952
2.1325 0.0737094
2.1375 0.0720131
2.1425 0.0702993
2.1475 0.0685603
2.1525 0.0667872
2.1575 0.0649694
2.1625 0.0630946
2.1675 0.061148
2.1725 0.0591116
2.1775 0.0569633
2.1825 0.0546752
2.1875 0.052212
2.1925 0.0495276
2.1975 0.0465608
2.2025 0.0432288
2.2075 0.0394157
2.2125 0.0349546
2.2175 0.0295956
2.2225 0.0229464
2.2275 0.0143541
2.2325 0.00264491
2.2375 -0.0145259
2.2425 -0.0426198
2.2475 -0.0979736
2.2525 -0.261716
2.2575 -38.612
2.2625 0.397665
2.2675 0.229728
2.2725 0.173654
2.2775 0.145375
2.2825 0.128191
2.2875 0.116554
2.2925 0.108086
2.2975 0.101602
2.3025 0.0964438
2.3075 0.0922152
2.3125 0.0886651
2.3175 0.0856258
2.3225 0.0829814
2.3275 0.0806489
2.3325 0.0785673
2.3375 0.076691
2.3425 0.0749849
2.3475 0.0734219
2.3525 0.0719804
2.3575 0.070643
2.3625 0.0693959
2.3675 0.0682275
2.3725 0.0671284
2.3775 0.0660905
2.3825 0.0651072
2.3875 0.0641727
2.3925 0.0632823
2.3975 0.0624317
2.4025 0.0616173
2.4075 0.060836
2.4125 0.060085
2.4175 0.0593618
2.4225 0.0586644
2.4275 0.0579908
2.4325 0.0573394
2.4375 0.0567085
2.4425 0.0560969
2.4475 0.0555034
2.4525 0.0549267
2.4575 0.054366
2.4625 0.0538203
2.4675 0.0532887
2.4725 0.0527706
2.4775 0.0522651
2.4825 0.0517717
2.4875 0.0512898
2.4925 0.0508188
2.4975 0.0503582
