1.0025 -13.3868
1.0075 -13.2877
1.0125 -13.1888
1.0175 -13.0902
1.0225 -12.9918
1.0275 -12.8937
1.0325 -12.7957
1.0375 -12.698
1.0425 -12.6005
1.0475 -12.5031
1.0525 -12.406
1.0575 -12.309
1.0625 -12.2122
1.0675 -12.1155
1.0725 -12.019
1.0775 -11.9226
1.0825 -11.8263
1.0875 -11.7302
1.0925 -11.6341
1.0975 -11.5382
1.1025 -11.4424
1.1075 -11.3466
1.1125 -11.251
1.1175 -11.1554
1.1225 -11.0599
1.1275 -10.9644
1.1325 -10.869
1.1375 -10.7736
1.1425 -10.6783
1.1475 -10.5831
1.1525 -10.4878
1.1575 -10.3926
1.1625 -10.2974
1.1675 -10.2022
1.1725 -10.107
1.1775 -10.0118
1.1825 -9.91658
1.1875 -9.82137
1.1925 -9.72615
1.1975 -9.6309
1.2025 -9.53564
1.2075 -9.44034
1.2125 -9.34501
1.2175 -9.24964
1.2225 -9.15422
1.2275 -9.05876
1.2325 -8.96324
1.2375 -8.86767
1.2425 -8.77204
1.2475 -8.67634
1.2525 -8.58057
1.2575 -8.48472
1.2625 -8.3888
1.2675 -8.2928
1.2725 -8.19672
1.2775 -8.10054
1.2825 -8.00427
1.2875 -7.90791
1.2925 -7.81145
1.2975 -7.71488
1.3025 -7.61821
1.3075 -7.52142
1.3125 -7.42453
1.3175 -7.32751
1.3225 -7.23038
1.3275 -7.13313
1.3325 -7.03574
1.3375 -6.93823
1.3425 -6.84059
1.3475 -6.74281
1.3525 -6.64489
1.3575 -6.54683
1.3625 -6.44863
1.3675 -6.35028
1.3725 -6.25178
1.3775 -6.15313
1.3825 -6.05432
1.3875 -5.95535
1.3925 -5.85622
1.3975 -5.75693
1.4025 -5.65747
1.4075 -5.55784
1.4125 -5.45804
1.4175 -5.35806
1.4225 -5.2579
1.4275 -5.15757
1.4325 -5.05705
1.4375 -4.95635
1.4425 -4.85546
1.4475 -4.75437
1.4525 -4.65309
1.4575 -4.55162
1.4625 -4.44994
1.4675 -4.34807
1.4725 -4.24599
1.4775 -4.1437
1.4825 -4.04119
1.4875 -3.93848
1.4925 -3.83554
1.4975 -3.73239
1.5025 -3.62901
1.5075 -3.52541
1.5125 -3.42157
1.5175 -3.3175
1.5225 -3.21319
1.5275 -3.10864
1.5325 -3.00385
1.5375 -2.8988
1.5425 -2.79351
1.5475 -2.68795
1.5525 -2.58213
1.5575 -2.47604
1.5625 -2.36967
1.5675 -2.26303
1.5725 -2.1561
1.5775 -2.04887
1.5825 -1.94135
1.5875 -1.83352
1.5925 -1.72537
1.5975 -1.61689
1.6025 -1.50808
1.6075 -1.39893
1.6125 -1.28941
1.6175 -1.17952
1.6225 -1.06924
1.6275 -0.958561
1.6325 -0.847457
1.6375 -0.735908
1.6425 -0.62389
1.6475 -0.511377
1.6525 -0.398336
1.6575 -0.284732
1.6625 -0.170522
1.6675 -0.0556578
1.6725 0.0599181
1.6775 0.176274
1.6825 0.29349
1.6875 0.411666
1.6925 0.530919
1.6975 0.651395
1.7025 0.773277
1.7075 0.896792
1.7125 1.02223
1.7175 1.14998
1.7225 1.28053
1.7275 1.41457
1.7325 1.55303
1.7375 1.69725
1.7425 1.84923
1.7475 2.01202
1.7525 2.19061
1.7575 2.39374
1.7625 2.63815
1.7675 2.96059
1.7725 3.46042
1.7775 4.53157
1.7825 11.0841
1.7875 -2.13753
1.7925 0.796668
1.7975 1.60481
1.8025 2.03403
1.8075 2.32891
1.8125 2.56091
1.8175 2.7585
1.8225 2.93528
1.8275 3.09856
1.8325 3.25261
1.8375 3.40011
1.8425 3.54282
1.8475 3.68194
1.8525 3.8183
1.8575 3.95254
1.8625 4.08512
1.8675 4.21637
1.8725 4.34657
1.8775 4.47594
1.8825 4.60464
1.8875 4.73281
1.8925 4.86057
1.8975 4.988
1.9025 5.11518
1.9075 5.24217
1.9125 5.36904
1.9175 5.49582
1.9225 5.62256
1.9275 5.74929
1.9325 5.87603
1.9375 6.00283
1.9425 6.12969
1.9475 6.25664
1.9525 6.3837
1.9575 6.51088
1.9625 6.6382
1.9675 6.76567
1.9725 6.8933
1.9775 7.0211
1.9825 7.14908
1.9875 7.27725
1.9925 7.40562
1.9975 7.53419
2.0025 7.66298
2.0075 7.79198
2.0125 7.9212
2.0175 8.05065
2.0225 8.18034
2.0275 8.31026
2.0325 8.44042
2.0375 8.57083
2.0425 8.70149
2.0475 8.8324
2.0525 8.96357
2.0575 9.095
2.0625 9.22669
2.0675 9.35865
2.0725 9.49087
2.0775 9.62337
2.0825 9.75614
2.0875 9.88919
2.0925 10.0225
2.0975 10.1561
2.1025 10.29
2.1075 10.4242
2.1125 10.5587
2.1175 10.6934
2.1225 10.8285
2.1275 10.9638
2.1325 11.0994
2.1375 11.2354
2.1425 11.3716
2.1475 11.5082
2.1525 11.645
2.1575 11.7822
2.1625 11.9196
2.1675 12.0574
2.1725 12.1955
2.1775 12.3339
2.1825 12.4726
2.1875 12.6117
2.1925 12.751
2.1975 12.8907
2.2025 13.0308
2.2075 13.1711
2.2125 13.3118
2.2175 13.4528
2.2225 13.5941
2.2275 13.7358
2.2325 13.8778
2.2375 14.0202
2.2425 14.1629
2.2475 14.306
2.2525 14.4494
2.2575 14.5932
2.2625 14.7373
2.2675 14.8818
2.2725 15.0266
2.2775 15.1718
2.2825 15.3174
2.2875 15.4634
2.2925 15.6097
2.2975 15.7564
2.3025 15.9036
2.3075 16.0511
2.3125 16.1989
2.3175 16.3472
2.3225 16.4959
2.3275 16.645
2.3325 16.7945
2.3375 16.9445
2.3425 17.0948
2.3475 17.2456
2.3525 17.3968
2.3575 17.5485
2.3625 17.7006
2.3675 17.8531
2.3725 18.0062
2.3775 18.1597
2.3825 18.3136
2.3875 18.4681
2.3925 18.623
2.3975 18.7785
2.4025 18.9345
2.4075 19.091
2.4125 19.248
2.4175 19.4056
2.4225 19.5637
2.4275 19.7225
2.4325 19.8818
2.4375 20.0417
2.4425 20.2022
2.4475 20.3634
2.4525 20.5252
2.4575 20.6877
2.4625 20.8509
2.4675 21.0148
2.4725 21.1795
2.4775 21.3449
2.4825 21.5111
2.4875 21.6781
2.4925 21.846
2.4975 22.0148
