1.0025 10.5592
1.0075 10.4391
1.0125 10.3207
1.0175 10.2041
1.0225 10.0891
1.0275 9.97571
1.0325 9.86397
1.0375 9.75381
1.0425 9.64519
1.0475 9.5381
1.0525 9.4325
1.0575 9.32835
1.0625 9.22564
1.0675 9.12434
1.0725 9.02441
1.0775 8.92584
1.0825 8.82859
1.0875 8.73264
1.0925 8.63797
1.0975 8.54455
1.1025 8.45237
1.1075 8.36139
1.1125 8.27159
1.1175 8.18296
1.1225 8.09547
1.1275 8.00911
1.1325 7.92384
1.1375 7.83965
1.1425 7.75653
1.1475 7.67445
1.1525 7.59339
1.1575 7.51334
1.1625 7.43428
1.1675 7.35618
1.1725 7.27904
1.1775 7.20284
1.1825 7.12756
1.1875 7.05318
1.1925 6.97969
1.1975 6.90708
1.2025 6.83532
1.2075 6.7644
1.2125 6.69432
1.2175 6.62505
1.2225 6.55658
1.2275 6.4889
1.2325 6.422
1.2375 6.35585
1.2425 6.29046
1.2475 6.2258
1.2525 6.16186
1.2575 6.09864
1.2625 6.03612
1.2675 5.97429
1.2725 5.91313
1.2775 5.85264
1.2825 5.79281
1.2875 5.73362
1.2925 5.67507
1.2975 5.61714
1.3025 5.55982
1.3075 5.50311
1.3125 5.447
1.3175 5.39147
1.3225 5.33652
1.3275 5.28213
1.3325 5.22831
1.3375 5.17503
1.3425 5.12229
1.3475 5.07009
1.3525 5.01841
1.3575 4.96725
1.3625 4.9166
1.3675 4.86645
1.3725 4.81679
1.3775 4.76761
1.3825 4.71892
1.3875 4.6707
1.3925 4.62294
1.3975 4.57564
1.4025 4.52879
1.4075 4.48238
1.4125 4.43642
1.4175 4.39088
1.4225 4.34577
1.4275 4.30108
1.4325 4.25681
1.4375 4.21294
1.4425 4.16948
1.4475 4.12641
1.4525 4.08373
1.4575 4.04144
1.4625 3.99954
1.4675 3.95801
1.4725 3.91685
1.4775 3.87606
1.4825 3.83563
1.4875 3.79557
1.4925 3.75586
1.4975 3.7165
1.5025 3.67748
1.5075 3.63881
1.5125 3.60049
1.5175 3.5625
1.5225 3.52485
1.5275 3.48752
1.5325 3.45053
1.5375 3.41387
1.5425 3.37753
1.5475 3.34152
1.5525 3.30583
1.5575 3.27047
1.5625 3.23543
1.5675 3.20071
1.5725 3.16631
1.5775 3.13224
1.5825 3.09849
1.5875 3.06508
1.5925 3.03199
1.5975 2.99924
1.6025 2.96683
1.6075 2.93476
1.6125 2.90305
1.6175 2.8717
1.6225 2.84073
1.6275 2.81013
1.6325 2.77994
1.6375 2.75015
1.6425 2.72081
1.6475 2.69191
1.6525 2.66351
1.6575 2.63561
1.6625 2.60827
1.6675 2.58153
1.6725 2.55544
1.6775 2.53007
1.6825 2.50549
1.6875 2.4818
1.6925 2.45911
1.6975 2.43757
1.7025 2.41736
1.7075 2.3987
1.7125 2.38189
1.7175 2.36731
1.7225 2.35546
1.7275 2.34702
1.7325 2.34295
1.7375 2.34459
1.7425 2.35397
1.7475 2.37418
1.7525 2.41028
1.7575 2.47112
1.7625 2.57369
1.7675 2.75528
1.7725 3.11665
1.7775 4.05747
1.7825 10.5588
1.7875 -3.0004
1.7925 -0.170086
1.7975 0.503212
1.8025 0.791924
1.8075 0.944159
1.8125 1.03241
1.8175 1.08555
1.8225 1.11739
1.8275 1.13532
1.8325 1.14369
1.8375 1.1452
1.8425 1.14163
1.8475 1.13419
1.8525 1.12374
1.8575 1.1109
1.8625 1.09613
1.8675 1.07979
1.8725 1.06213
1.8775 1.04339
1.8825 1.02372
1.8875 1.00325
1.8925 0.982099
1.8975 0.960354
1.9025 0.938086
1.9075 0.915358
1.9125 0.892218
1.9175 0.868711
1.9225 0.844872
1.9275 0.82073
1.9325 0.796311
1.9375 0.771638
1.9425 0.746727
1.9475 0.721596
1.9525 0.696256
1.9575 0.670719
1.9625 0.644995
1.9675 0.619091
1.9725 0.593013
1.9775 0.566768
1.9825 0.540358
1.9875 0.513787
1.9925 0.487058
1.9975 0.460172
2.0025 0.433131
2.0075 0.405935
2.0125 0.378583
2.0175 0.351075
2.0225 0.323409
2.0275 0.295585
2.0325 0.267601
2.0375 0.239453
2.0425 0.211139
2.0475 0.182656
2.0525 0.154002
2.0575 0.125171
2.0625 0.0961598
2.0675 0.0669646
2.0725 0.0375805
2.0775 0.00800274
2.0825 -0.0217739
2.0875 -0.0517547
2.0925 -0.0819455
2.0975 -0.112352
2.1025 -0.142981
2.1075 -0.173838
2.1125 -0.204931
2.1175 -0.236266
2.1225 -0.26785
2.1275 -0.299692
2.1325 -0.331799
2.1375 -0.364179
2.1425 -0.396842
2.1475 -0.429794
2.1525 -0.463047
2.1575 -0.496609
2.1625 -0.53049
2.1675 -0.5647
2.1725 -0.599249
2.1775 -0.63415
2.1825 -0.669412
2.1875 -0.705049
2.1925 -0.741071
2.1975 -0.777491
2.2025 -0.814323
2.2075 -0.851581
2.2125 -0.889277
2.2175 -0.927427
2.2225 -0.966046
2.2275 -1.00515
2.2325 -1.04475
2.2375 -1.08488
2.2425 -1.12553
2.2475 -1.16674
2.2525 -1.20853
2.2575 -1.25091
2.2625 -1.2939
2.2675 -1.33752
2.2725 -1.3818
2.2775 -1.42676
2.2825 -1.47243
2.2875 -1.51883
2.2925 -1.56598
2.2975 -1.61391
2.3025 -1.66266
2.3075 -1.71225
2.3125 -1.76272
2.3175 -1.81409
2.3225 -1.86641
2.3275 -1.9197
2.3325 -1.974
2.3375 -2.02936
2.3425 -2.08582
2.3475 -2.14342
2.3525 -2.2022
2.3575 -2.26222
2.3625 -2.32352
2.3675 -2.38616
2.3725 -2.45019
2.3775 -2.51567
2.3825 -2.58267
2.3875 -2.65125
2.3925 -2.72148
2.3975 -2.79343
2.4025 -2.86719
2.4075 -2.94282
2.4125 -3.02043
2.4175 -3.10009
2.4225 -3.18192
2.4275 -3.26601
2.4325 -3.35247
2.4375 -3.44143
2.4425 -3.533
2.4475 -3.62733
2.4525 -3.72454
2.4575 -3.82481
2.4625 -3.92828
2.4675 -4.03513
2.4725 -4.14556
2.4775 -4.25976
2.4825 -4.37795
2.4875 -4.50036
2.4925 -4.62725
2.4975 -4.75888
