1.0025 71.1641
1.0075 70.6313
1.0125 70.0874
1.0175 69.5321
1.0225 68.9647
1.0275 68.3847
1.0325 67.7916
1.0375 67.185
1.0425 66.5645
1.0475 65.9295
1.0525 65.2798
1.0575 64.615
1.0625 63.9346
1.0675 63.2386
1.0725 62.5266
1.0775 61.7984
1.0825 61.054
1.0875 60.2931
1.0925 59.5159
1.0975 58.7222
1.1025 57.9122
1.1075 57.0859
1.1125 56.2437
1.1175 55.3857
1.1225 54.5123
1.1275 53.6239
1.1325 52.7207
1.1375 51.8035
1.1425 50.8726
1.1475 49.9288
1.1525 48.9726
1.1575 48.0047
1.1625 47.0259
1.1675 46.0369
1.1725 45.0386
1.1775 44.0317
1.1825 43.017
1.1875 41.9954
1.1925 40.9676
1.1975 39.9345
1.2025 38.8967
1.2075 37.8551
1.2125 36.8101
1.2175 35.7623
1.2225 34.712
1.2275 33.6596
1.2325 32.605
1.2375 31.548
1.2425 30.4881
1.2475 29.4243
1.2525 28.3552
1.2575 27.2786
1.2625 26.1913
1.2675 25.0891
1.2725 23.9657
1.2775 22.8125
1.2825 21.6169
1.2875 20.3603
1.2925 19.0147
1.2975 17.5352
1.3025 15.8467
1.3075 13.8134
1.3125 11.1614
1.3175 7.24746
1.3225 0.116742
1.3275 -20.2999
1.3325 1044.96
1.3375 53.0607
1.3425 34.7339
1.3475 28.0698
1.3525 24.4135
1.3575 21.9839
1.3625 20.18
1.3675 18.7425
1.3725 17.5409
1.3775 16.5024
1.3825 15.5831
1.3875 14.755
1.3925 13.9991
1.3975 13.3023
1.4025 12.655
1.4075 12.0502
1.4125 11.4824
1.4175 10.9473
1.4225 10.4417
1.4275 9.96274
1.4325 9.50816
1.4375 9.07605
1.4425 8.66478
1.4475 8.27292
1.4525 7.89925
1.4575 7.54265
1.4625 7.20216
1.4675 6.87687
1.4725 6.566
1.4775 6.26879
1.4825 5.98457
1.4875 5.71271
1.4925 5.45262
1.4975 5.20375
1.5025 4.96558
1.5075 4.73764
1.5125 4.51946
1.5175 4.31061
1.5225 4.11068
1.5275 3.91927
1.5325 3.73603
1.5375 3.5606
1.5425 3.39264
1.5475 3.23183
1.5525 3.07786
1.5575 2.93044
1.5625 2.7893
1.5675 2.65416
1.5725 2.52477
1.5775 2.40089
1.5825 2.28227
1.5875 2.1687
1.5925 2.05996
1.5975 1.95584
1.6025 1.85615
1.6075 1.7607
1.6125 1.6693
1.6175 1.58179
1.6225 1.49798
1.6275 1.41773
1.6325 1.34089
1.6375 1.26729
1.6425 1.1968
1.6475 1.12929
1.6525 1.06462
1.6575 1.00267
1.6625 0.943315
1.6675 0.886441
1.6725 0.831935
1.6775 0.77969
1.6825 0.7296
1.6875 0.681565
1.6925 0.635488
1.6975 0.591274
1.7025 0.548829
1.7075 0.508065
1.7125 0.468894
1.7175 0.431226
1.7225 0.394978
1.7275 0.36006
1.7325 0.326387
1.7375 0.293866
1.7425 0.262403
1.7475 0.231897
1.7525 0.202236
1.7575 0.173294
1.7625 0.144922
1.7675 0.116935
1.7725 0.0890978
1.7775 0.0610897
1.7825 0.0324489
1.7875 0.00246677
1.7925 -0.0300312
1.7975 -0.0671828
1.8025 -0.113395
1.8075 -0.179556
1.8125 -0.30216
1.8175 -0.727503
1.8225 1.52843
1.8275 0.302714
1.8325 0.127533
1.8375 0.0496858
1.8425 0.00162545
1.8475 -0.0332862
1.8525 -0.0611492
1.8575 -0.0847384
1.8625 -0.105505
1.8675 -0.124287
1.8725 -0.141608
1.8775 -0.157815
1.8825 -0.173148
1.8875 -0.187784
1.8925 -0.201857
1.8975 -0.215473
1.9025 -0.228714
1.9075 -0.241653
1.9125 -0.25435
1.9175 -0.266857
1.9225 -0.279222
1.9275 -0.291488
1.9325 -0.303694
1.9375 -0.315877
1.9425 -0.328074
1.9475 -0.340319
1.9525 -0.352644
1.9575 -0.365084
1.9625 -0.37767
1.9675 -0.390436
1.9725 -0.403416
1.9775 -0.416642
1.9825 -0.430149
1.9875 -0.443974
1.9925 -0.458153
1.9975 -0.472725
2.0025 -0.487729
2.0075 -0.503208
2.0125 -0.519207
2.0175 -0.535773
2.0225 -0.552957
2.0275 -0.570811
2.0325 -0.589394
2.0375 -0.608767
2.0425 -0.628998
2.0475 -0.650159
2.0525 -0.672329
2.0575 -0.695593
2.0625 -0.720046
2.0675 -0.745791
2.0725 -0.772942
2.0775 -0.801624
2.0825 -0.831976
2.0875 -0.864155
2.0925 -0.898332
2.0975 -0.934704
2.1025 -0.973487
2.1075 -1.01493
2.1125 -1.05932
2.1175 -1.10697
2.1225 -1.15824
2.1275 -1.21358
2.1325 -1.27346
2.1375 -1.33845
2.1425 -1.40924
2.1475 -1.48661
2.1525 -1.57151
2.1575 -1.66506
2.1625 -1.76865
2.1675 -1.88394
2.1725 -2.013
2.1775 -2.15841
2.1825 -2.32344
2.1875 -2.5123
2.1925 -2.73048
2.1975 -2.98532
2.2025 -3.28679
2.2075 -3.64888
2.2125 -4.09178
2.2175 -4.64574
2.2225 -5.35833
2.2275 -6.30872
2.2325 -7.63936
2.2375 -9.63482
2.2425 -12.958
2.2475 -19.5921
2.2525 -39.3855
2.2575 -4694.76
2.2625 40.8218
2.2675 20.5146
2.2725 13.7853
2.2775 10.4288
2.2825 8.41777
2.2875 7.07862
2.2925 6.12301
2.2975 5.40696
2.3025 4.85053
2.3075 4.40579
2.3125 4.04225
2.3175 3.73959
2.3225 3.48375
2.3275 3.26468
2.3325 3.07503
2.3375 2.90926
2.3425 2.76317
2.3475 2.63346
2.3525 2.51755
2.3575 2.41336
2.3625 2.31921
2.3675 2.23373
2.3725 2.15579
2.3775 2.08444
2.3825 2.01889
2.3875 1.95847
2.3925 1.9026
2.3975 1.85079
2.4025 1.80263
2.4075 1.75774
2.4125 1.7158
2.4175 1.67655
2.4225 1.63973
2.4275 1.60512
2.4325 1.57253
2.4375 1.5418
2.4425 1.51278
2.4475 1.48532
2.4525 1.4593
2.4575 1.43461
2.4625 1.41117
2.4675 1.38886
2.4725 1.36763
2.4775 1.34738
2.4825 1.32805
2.4875 1.30959
2.4925 1.29194
2.4975 1.27504
