1.0025 -16.3252
1.0075 -16.0058
1.0125 -15.6921
1.0175 -15.3838
1.0225 -15.081
1.0275 -14.7835
1.0325 -14.4912
1.0375 -14.204
1.0425 -13.9219
1.0475 -13.6446
1.0525 -13.3722
1.0575 -13.1046
1.0625 -12.8416
1.0675 -12.5832
1.0725 -12.3293
1.0775 -12.0797
1.0825 -11.8345
1.0875 -11.5936
1.0925 -11.3568
1.0975 -11.1241
1.1025 -10.8955
1.1075 -10.6708
1.1125 -10.4499
1.1175 -10.2329
1.1225 -10.0196
1.1275 -9.81005
1.1325 -9.60408
1.1375 -9.40166
1.1425 -9.20273
1.1475 -9.00724
1.1525 -8.81512
1.1575 -8.62632
1.1625 -8.44078
1.1675 -8.25844
1.1725 -8.07925
1.1775 -7.90316
1.1825 -7.73012
1.1875 -7.56007
1.1925 -7.39297
1.1975 -7.22876
1.2025 -7.0674
1.2075 -6.90885
1.2125 -6.75305
1.2175 -6.59996
1.2225 -6.44953
1.2275 -6.30173
1.2325 -6.15651
1.2375 -6.01383
1.2425 -5.87364
1.2475 -5.73592
1.2525 -5.6006
1.2575 -5.46767
1.2625 -5.33708
1.2675 -5.20879
1.2725 -5.08277
1.2775 -4.95898
1.2825 -4.83738
1.2875 -4.71795
1.2925 -4.60064
1.2975 -4.48542
1.3025 -4.37226
1.3075 -4.26113
1.3125 -4.15199
1.3175 -4.04482
1.3225 -3.93957
1.3275 -3.83623
1.3325 -3.73476
1.3375 -3.63514
1.3425 -3.53732
1.3475 -3.44129
1.3525 -3.34702
1.3575 -3.25448
1.3625 -3.16363
1.3675 -3.07446
1.3725 -2.98694
1.3775 -2.90104
1.3825 -2.81674
1.3875 -2.73401
1.3925 -2.65282
1.3975 -2.57315
1.4025 -2.49498
1.4075 -2.41828
1.4125 -2.34303
1.4175 -2.2692
1.4225 -2.19677
1.4275 -2.12572
1.4325 -2.05603
1.4375 -1.98767
1.4425 -1.92062
1.4475 -1.85486
1.4525 -1.79036
1.4575 -1.72711
1.4625 -1.66509
1.4675 -1.60426
1.4725 -1.54462
1.4775 -1.48613
1.4825 -1.42879
1.4875 -1.37256
1.4925 -1.31743
1.4975 -1.26338
1.5025 -1.21038
1.5075 -1.15842
1.5125 -1.10748
1.5175 -1.05753
1.5225 -1.00856
1.5275 -0.960547
1.5325 -0.913467
1.5375 -0.867301
1.5425 -0.82203
1.5475 -0.777632
1.5525 -0.734087
1.5575 -0.691374
1.5625 -0.649472
1.5675 -0.60836
1.5725 -0.568016
1.5775 -0.528417
1.5825 -0.489541
1.5875 -0.451366
1.5925 -0.413867
1.5975 -0.37702
1.6025 -0.340799
1.6075 -0.305179
1.6125 -0.270132
1.6175 -0.23563
1.6225 -0.201643
1.6275 -0.168138
1.6325 -0.135081
1.6375 -0.102437
1.6425 -0.0701658
1.6475 -0.0382248
1.6525 -0.00656735
1.6575 0.0248583
1.6625 0.0561099
1.6675 0.087252
1.6725 0.118358
1.6775 0.149514
1.6825 0.180816
1.6875 0.212379
1.6925 0.244342
1.6975 0.276869
1.7025 0.31016
1.7075 0.344466
1.7125 0.380102
1.7175 0.417473
1.7225 0.457111
1.7275 0.499727
1.7325 0.546304
1.7375 0.598237
1.7425 0.657585
1.7475 0.727514
1.7525 0.813177
1.7575 0.923572
1.7625 1.07595
1.7675 1.30816
1.7725 1.72245
1.7775 2.72428
1.7825 9.36689
1.7875 -4.34177
1.7925 -1.42382
1.7975 -0.694329
1.8025 -0.355179
1.8075 -0.154646
1.8125 -0.0191732
1.8175 0.0805712
1.8225 0.158593
1.8275 0.222431
1.8325 0.276508
1.8375 0.32359
1.8425 0.365505
1.8475 0.403504
1.8525 0.43848
1.8575 0.471089
1.8625 0.501821
1.8675 0.531056
1.8725 0.559093
1.8775 0.586169
1.8825 0.612479
1.8875 0.638186
1.8925 0.663424
1.8975 0.68831
1.9025 0.712944
1.9075 0.737414
1.9125 0.761799
1.9175 0.786168
1.9225 0.810587
1.9275 0.835113
1.9325 0.859801
1.9375 0.884703
1.9425 0.909867
1.9475 0.935339
1.9525 0.961163
1.9575 0.987382
1.9625 1.01404
1.9675 1.04117
1.9725 1.06882
1.9775 1.09702
1.9825 1.12582
1.9875 1.15526
1.9925 1.18536
1.9975 1.21618
2.0025 1.24774
2.0075 1.2801
2.0125 1.31328
2.0175 1.34733
2.0225 1.38229
2.0275 1.4182
2.0325 1.45509
2.0375 1.49302
2.0425 1.53202
2.0475 1.57214
2.0525 1.61342
2.0575 1.6559
2.0625 1.69964
2.0675 1.74468
2.0725 1.79107
2.0775 1.83886
2.0825 1.88809
2.0875 1.93882
2.0925 1.99111
2.0975 2.045
2.1025 2.10056
2.1075 2.15783
2.1125 2.21689
2.1175 2.27779
2.1225 2.34058
2.1275 2.40535
2.1325 2.47214
2.1375 2.54104
2.1425 2.61211
2.1475 2.68542
2.1525 2.76105
2.1575 2.83907
2.1625 2.91957
2.1675 3.00262
2.1725 3.08832
2.1775 3.17674
2.1825 3.26797
2.1875 3.36212
2.1925 3.45928
2.1975 3.55954
2.2025 3.66302
2.2075 3.76981
2.2125 3.88004
2.2175 3.99381
2.2225 4.11124
2.2275 4.23246
2.2325 4.3576
2.2375 4.48679
2.2425 4.62017
2.2475 4.75788
2.2525 4.90008
2.2575 5.04691
2.2625 5.19855
2.2675 5.35515
2.2725 5.5169
2.2775 5.68397
2.2825 5.85657
2.2875 6.03488
2.2925 6.21912
2.2975 6.4095
2.3025 6.60625
2.3075 6.80961
2.3125 7.01982
2.3175 7.23714
2.3225 7.46184
2.3275 7.69421
2.3325 7.93454
2.3375 8.18315
2.3425 8.44036
2.3475 8.70651
2.3525 8.98197
2.3575 9.26712
2.3625 9.56234
2.3675 9.86807
2.3725 10.1847
2.3775 10.5128
2.3825 10.8528
2.3875 11.2052
2.3925 11.5706
2.3975 11.9495
2.4025 12.3425
2.4075 12.7504
2.4125 13.1737
2.4175 13.6133
2.4225 14.0698
2.4275 14.5442
2.4325 15.0372
2.4375 15.5498
2.4425 16.0831
2.4475 16.638
2.4525 17.2156
2.4575 17.8173
2.4625 18.4442
2.4675 19.0978
2.4725 19.7795
2.4775 20.491
2.4825 21.2338
2.4875 22.01
2.4925 22.8215
2.4975 23.6703
