1.0025 -20.7671
1.0075 -20.3359
1.0125 -19.9128
1.0175 -19.4977
1.0225 -19.0903
1.0275 -18.6907
1.0325 -18.2985
1.0375 -17.9137
1.0425 -17.5362
1.0475 -17.1657
1.0525 -16.8022
1.0575 -16.4456
1.0625 -16.0956
1.0675 -15.7522
1.0725 -15.4153
1.0775 -15.0847
1.0825 -14.7603
1.0875 -14.442
1.0925 -14.1297
1.0975 -13.8233
1.1025 -13.5227
1.1075 -13.2278
1.1125 -12.9384
1.1175 -12.6545
1.1225 -12.3759
1.1275 -12.1027
1.1325 -11.8346
1.1375 -11.5716
1.1425 -11.3136
1.1475 -11.0605
1.1525 -10.8123
1.1575 -10.5688
1.1625 -10.3299
1.1675 -10.0956
1.1725 -9.86582
1.1775 -9.64044
1.1825 -9.41939
1.1875 -9.20261
1.1925 -8.99001
1.1975 -8.78152
1.2025 -8.57708
1.2075 -8.3766
1.2125 -8.18003
1.2175 -7.98729
1.2225 -7.79831
1.2275 -7.61303
1.2325 -7.43138
1.2375 -7.25331
1.2425 -7.07874
1.2475 -6.90761
1.2525 -6.73987
1.2575 -6.57545
1.2625 -6.4143
1.2675 -6.25635
1.2725 -6.10155
1.2775 -5.94984
1.2825 -5.80116
1.2875 -5.65547
1.2925 -5.5127
1.2975 -5.37279
1.3025 -5.23571
1.3075 -5.10139
1.3125 -4.96978
1.3175 -4.84084
1.3225 -4.7145
1.3275 -4.59072
1.3325 -4.46944
1.3375 -4.35063
1.3425 -4.23422
1.3475 -4.12017
1.3525 -4.00843
1.3575 -3.89895
1.3625 -3.79168
1.3675 -3.68658
1.3725 -3.5836
1.3775 -3.48268
1.3825 -3.38378
1.3875 -3.28686
1.3925 -3.19186
1.3975 -3.09874
1.4025 -3.00744
1.4075 -2.91793
1.4125 -2.83015
1.4175 -2.74405
1.4225 -2.65959
1.4275 -2.57672
1.4325 -2.49538
1.4375 -2.41553
1.4425 -2.33711
1.4475 -2.26008
1.4525 -2.18438
1.4575 -2.10995
1.4625 -2.03676
1.4675 -1.96473
1.4725 -1.89382
1.4775 -1.82396
1.4825 -1.7551
1.4875 -1.68718
1.4925 -1.62013
1.4975 -1.55389
1.5025 -1.4884
1.5075 -1.42358
1.5125 -1.35937
1.5175 -1.29568
1.5225 -1.23245
1.5275 -1.16959
1.5325 -1.10701
1.5375 -1.04463
1.5425 -0.982352
1.5475 -0.920077
1.5525 -0.857699
1.5575 -0.795107
1.5625 -0.73218
1.5675 -0.66879
1.5725 -0.604801
1.5775 -0.540065
1.5825 -0.474422
1.5875 -0.407701
1.5925 -0.339712
1.5975 -0.270252
1.6025 -0.199097
1.6075 -0.126001
1.6125 -0.0506918
1.6175 0.0271311
1.6225 0.107802
1.6275 0.191694
1.6325 0.279226
1.6375 0.370871
1.6425 0.467164
1.6475 0.568713
1.6525 0.676216
1.6575 0.790475
1.6625 0.912421
1.6675 1.04314
1.6725 1.1839
1.6775 1.33622
1.6825 1.50188
1.6875 1.68306
1.6925 1.88238
1.6975 2.10308
1.7025 2.34915
1.7075 2.62566
1.7125 2.93904
1.7175 3.29768
1.7225 3.71264
1.7275 4.19889
1.7325 4.77718
1.7375 5.47709
1.7425 6.34239
1.7475 7.44066
1.7525 8.88201
1.7575 10.8589
1.7625 13.7407
1.7675 18.3382
1.7725 26.8422
1.7775 47.9407
1.7825 189.919
1.7875 -104.205
1.7925 -42.0348
1.7975 -26.7582
1.8025 -19.8436
1.8075 -15.8971
1.8125 -13.3428
1.8175 -11.5525
1.8225 -10.2264
1.8275 -9.20326
1.8325 -8.38878
1.8375 -7.72395
1.8425 -7.17005
1.8475 -6.70056
1.8525 -6.29673
1.8575 -5.94494
1.8625 -5.635
1.8675 -5.35919
1.8725 -5.1115
1.8775 -4.88723
1.8825 -4.6826
1.8875 -4.49456
1.8925 -4.32063
1.8975 -4.15874
1.9025 -4.00716
1.9075 -3.86445
1.9125 -3.72936
1.9175 -3.60084
1.9225 -3.47797
1.9275 -3.35997
1.9325 -3.24613
1.9375 -3.13584
1.9425 -3.02856
1.9475 -2.9238
1.9525 -2.82112
1.9575 -2.72013
1.9625 -2.62047
1.9675 -2.52181
1.9725 -2.42385
1.9775 -2.32631
1.9825 -2.22894
1.9875 -2.13149
1.9925 -2.03374
1.9975 -1.93547
2.0025 -1.83647
2.0075 -1.73656
2.0125 -1.63554
2.0175 -1.53325
2.0225 -1.42951
2.0275 -1.32414
2.0325 -1.21699
2.0375 -1.10791
2.0425 -0.996721
2.0475 -0.883284
2.0525 -0.767443
2.0575 -0.649048
2.0625 -0.527948
2.0675 -0.403993
2.0725 -0.277035
2.0775 -0.146924
2.0825 -0.0135085
2.0875 0.123362
2.0925 0.263842
2.0975 0.408084
2.1025 0.556246
2.1075 0.708485
2.1125 0.864964
2.1175 1.02585
2.1225 1.1913
2.1275 1.36149
2.1325 1.53659
2.1375 1.71679
2.1425 1.90226
2.1475 2.0932
2.1525 2.28978
2.1575 2.49221
2.1625 2.70069
2.1675 2.91543
2.1725 3.13663
2.1775 3.36453
2.1825 3.59934
2.1875 3.84129
2.1925 4.09064
2.1975 4.34762
2.2025 4.61249
2.2075 4.88552
2.2125 5.16699
2.2175 5.45717
2.2225 5.75635
2.2275 6.06485
2.2325 6.38298
2.2375 6.71107
2.2425 7.04944
2.2475 7.39847
2.2525 7.7585
2.2575 8.12993
2.2625 8.51315
2.2675 8.90856
2.2725 9.3166
2.2775 9.73771
2.2825 10.1724
2.2875 10.621
2.2925 11.0842
2.2975 11.5625
2.3025 12.0563
2.3075 12.5663
2.3125 13.0931
2.3175 13.6373
2.3225 14.1995
2.3275 14.7805
2.3325 15.381
2.3375 16.0017
2.3425 16.6434
2.3475 17.307
2.3525 17.9932
2.3575 18.7032
2.3625 19.4377
2.3675 20.1978
2.3725 20.9847
2.3775 21.7993
2.3825 22.6429
2.3875 23.5169
2.3925 24.4224
2.3975 25.3608
2.4025 26.3338
2.4075 27.3428
2.4125 28.3894
2.4175 29.4756
2.4225 30.603
2.4275 31.7738
2.4325 32.99
2.4375 34.2538
2.4425 35.5678
2.4475 36.9343
2.4525 38.3563
2.4575 39.8364
2.4625 41.378
2.4675 42.9843
2.4725 44.659
2.4775 46.4058
2.4825 48.2289
2.4875 50.1328
2.4925 52.1224
2.4975 54.2027
