1.0025 -78.2353
1.0075 -77.5626
1.0125 -76.8778
1.0175 -76.1805
1.0225 -75.4703
1.0275 -74.7466
1.0325 -74.009
1.0375 -73.257
1.0425 -72.4901
1.0475 -71.7081
1.0525 -70.9104
1.0575 -70.0969
1.0625 -69.2671
1.0675 -68.4209
1.0725 -67.558
1.0775 -66.6784
1.0825 -65.7818
1.0875 -64.8684
1.0925 -63.938
1.0975 -62.9909
1.1025 -62.0271
1.1075 -61.0468
1.1125 -60.0503
1.1175 -59.0379
1.1225 -58.0101
1.1275 -56.9672
1.1325 -55.9098
1.1375 -54.8385
1.1425 -53.7538
1.1475 -52.6564
1.1525 -51.5471
1.1575 -50.4266
1.1625 -49.2956
1.1675 -48.1549
1.1725 -47.0054
1.1775 -45.8479
1.1825 -44.6831
1.1875 -43.5119
1.1925 -42.3349
1.1975 -41.1529
1.2025 -39.9665
1.2075 -38.7761
1.2125 -37.5821
1.2175 -36.3848
1.2225 -35.1841
1.2275 -33.9799
1.2325 -32.7715
1.2375 -31.558
1.2425 -30.3379
1.2475 -29.1092
1.2525 -27.8689
1.2575 -26.613
1.2625 -25.3359
1.2675 -24.0303
1.2725 -22.6856
1.2775 -21.2874
1.2825 -19.815
1.2875 -18.2383
1.2925 -16.5115
1.2975 -14.5623
1.3025 -12.2695
1.3075 -9.41383
1.3125 -5.55453
1.3175 0.344584
1.3225 11.4307
1.3275 43.9151
1.3325 -1671.5
1.3375 -74.9394
1.3425 -45.7939
1.3475 -35.4164
1.3525 -29.8726
1.3575 -26.2949
1.3625 -23.7159
1.3675 -21.7181
1.3725 -20.0914
1.3775 -18.7187
1.3825 -17.5294
1.3875 -16.4784
1.3925 -15.5354
1.3975 -14.6793
1.4025 -13.8948
1.4075 -13.1706
1.4125 -12.4982
1.4175 -11.8709
1.4225 -11.2834
1.4275 -10.7314
1.4325 -10.2115
1.4375 -9.72069
1.4425 -9.25651
1.4475 -8.81688
1.4525 -8.39995
1.4575 -8.00414
1.4625 -7.62803
1.4675 -7.27036
1.4725 -6.93001
1.4775 -6.60596
1.4825 -6.29727
1.4875 -6.0031
1.4925 -5.72266
1.4975 -5.45522
1.5025 -5.20013
1.5075 -4.95674
1.5125 -4.72448
1.5175 -4.50279
1.5225 -4.29116
1.5275 -4.0891
1.5325 -3.89616
1.5375 -3.7119
1.5425 -3.53591
1.5475 -3.3678
1.5525 -3.20721
1.5575 -3.05379
1.5625 -2.90719
1.5675 -2.7671
1.5725 -2.63323
1.5775 -2.50528
1.5825 -2.38297
1.5875 -2.26605
1.5925 -2.15427
1.5975 -2.04738
1.6025 -1.94516
1.6075 -1.84738
1.6125 -1.75384
1.6175 -1.66433
1.6225 -1.57866
1.6275 -1.49665
1.6325 -1.41812
1.6375 -1.3429
1.6425 -1.27081
1.6475 -1.20171
1.6525 -1.13544
1.6575 -1.07184
1.6625 -1.01078
1.6675 -0.952116
1.6725 -0.895702
1.6775 -0.841408
1.6825 -0.789099
1.6875 -0.738643
1.6925 -0.689908
1.6975 -0.642761
1.7025 -0.597064
1.7075 -0.55268
1.7125 -0.509462
1.7175 -0.467257
1.7225 -0.4259
1.7275 -0.38521
1.7325 -0.344985
1.7375 -0.304994
1.7425 -0.264969
1.7475 -0.224589
1.7525 -0.183458
1.7575 -0.141078
1.7625 -0.0968044
1.7675 -0.0497709
1.7725 0.00121966
1.7775 0.0578905
1.7825 0.122833
1.7875 0.200157
1.7925 0.296824
1.7975 0.425691
1.8025 0.61348
1.8075 0.926518
1.8125 1.58755
1.8175 4.10098
1.8225 -9.76217
1.8275 -2.35388
1.8325 -1.36059
1.8375 -0.959546
1.8425 -0.73825
1.8475 -0.595219
1.8525 -0.493331
1.8575 -0.415778
1.8625 -0.353831
1.8675 -0.302504
1.8725 -0.258735
1.8775 -0.220537
1.8825 -0.186559
1.8875 -0.155849
1.8925 -0.127716
1.8975 -0.10164
1.9025 -0.0772243
1.9075 -0.0541602
1.9125 -0.0321893
1.9175 -0.0111182
1.9225 0.00922471
1.9275 0.0289811
1.9325 0.0482724
1.9375 0.0672043
1.9425 0.08587
1.9475 0.104353
1.9525 0.12273
1.9575 0.14107
1.9625 0.159438
1.9675 0.177896
1.9725 0.196505
1.9775 0.215319
1.9825 0.234397
1.9875 0.253793
1.9925 0.273563
1.9975 0.293764
2.0025 0.314453
2.0075 0.335688
2.0125 0.35753
2.0175 0.380044
2.0225 0.403296
2.0275 0.427355
2.0325 0.452298
2.0375 0.478202
2.0425 0.505155
2.0475 0.533247
2.0525 0.562578
2.0575 0.593257
2.0625 0.625401
2.0675 0.659139
2.0725 0.694612
2.0775 0.731979
2.0825 0.771411
2.0875 0.813102
2.0925 0.857267
2.0975 0.904147
2.1025 0.954013
2.1075 1.00717
2.1125 1.06397
2.1175 1.12482
2.1225 1.19015
2.1275 1.26051
2.1325 1.33649
2.1375 1.41881
2.1425 1.50829
2.1475 1.60593
2.1525 1.71288
2.1575 1.83056
2.1625 1.96064
2.1675 2.10521
2.1725 2.26683
2.1775 2.44868
2.1825 2.65482
2.1875 2.89045
2.1925 3.16237
2.1975 3.47965
2.2025 3.85465
2.2075 4.30468
2.2125 4.8547
2.2175 5.54219
2.2225 6.42597
2.2275 7.60407
2.2325 9.25275
2.2375 11.7242
2.2425 15.8388
2.2475 24.0509
2.2525 48.5487
2.2575 5809.95
2.2625 -50.7104
2.2675 -25.5767
2.2725 -17.2468
2.2775 -13.0908
2.2825 -10.6002
2.2875 -8.94098
2.2925 -7.75645
2.2975 -6.86838
2.3025 -6.17786
2.3075 -5.62556
2.3125 -5.17377
2.3175 -4.79731
2.3225 -4.4788
2.3275 -4.20581
2.3325 -3.96922
2.3375 -3.7622
2.3425 -3.57952
2.3475 -3.41713
2.3525 -3.27181
2.3575 -3.141
2.3625 -3.02263
2.3675 -2.91498
2.3725 -2.81667
2.3775 -2.72652
2.3825 -2.64356
2.3875 -2.56693
2.3925 -2.49595
2.3975 -2.43001
2.4025 -2.36857
2.4075 -2.31119
2.4125 -2.25748
2.4175 -2.20708
2.4225 -2.1597
2.4275 -2.11506
2.4325 -2.07294
2.4375 -2.03311
2.4425 -1.99539
2.4475 -1.95962
2.4525 -1.92564
2.4575 -1.89332
2.4625 -1.86252
2.4675 -1.83316
2.4725 -1.80511
2.4775 -1.7783
2.4825 -1.75263
2.4875 -1.72804
2.4925 -1.70445
2.4975 -1.6818
