1.0025 -0.0111566
1.0075 -0.0120108
1.0125 -0.0129149
1.0175 -0.0138725
1.0225 -0.0148876
1.0275 -0.0159642
1.0325 -0.0171065
1.0375 -0.0183191
1.0425 -0.0196066
1.0475 -0.020974
1.0525 -0.0224264
1.0575 -0.0239692
1.0625 -0.0256081
1.0675 -0.0273491
1.0725 -0.0291983
1.0775 -0.0311623
1.0825 -0.033248
1.0875 -0.0354625
1.0925 -0.0378134
1.0975 -0.0403086
1.1025 -0.0429566
1.1075 -0.0457662
1.1125 -0.0487468
1.1175 -0.0519082
1.1225 -0.0552612
1.1275 -0.058817
1.1325 -0.0625877
1.1375 -0.0665864
1.1425 -0.070827
1.1475 -0.0753249
1.1525 -0.0800966
1.1575 -0.0851602
1.1625 -0.0905358
1.1675 -0.0962455
1.1725 -0.102314
1.1775 -0.108768
1.1825 -0.115639
1.1875 -0.122962
1.1925 -0.130777
1.1975 -0.139128
1.2025 -0.148069
1.2075 -0.15766
1.2125 -0.16797
1.2175 -0.179084
1.2225 -0.191099
1.2275 -0.204131
1.2325 -0.218322
1.2375 -0.233841
1.2425 -0.250896
1.2475 -0.269746
1.2525 -0.290711
1.2575 -0.314202
1.2625 -0.340746
1.2675 -0.371032
1.2725 -0.405981
1.2775 -0.446853
1.2825 -0.49541
1.2875 -0.554205
1.2925 -0.627073
1.2975 -0.720053
1.3025 -0.843236
1.3075 -1.01485
1.3125 -1.2715
1.3175 -1.69923
1.3225 -2.55934
1.3275 -5.19772
1.3325 137.276
1.3375 4.78163
1.3425 2.41522
1.3475 1.60523
1.3525 1.19483
1.3575 0.945956
1.3625 0.778319
1.3675 0.657263
1.3725 0.565383
1.3775 0.492976
1.3825 0.434208
1.3875 0.385356
1.3925 0.343935
1.3975 0.308219
1.4025 0.276976
1.4075 0.249297
1.4125 0.224501
1.4175 0.202063
1.4225 0.181574
1.4275 0.162707
1.4325 0.145201
1.4375 0.12884
1.4425 0.113445
1.4475 0.0988627
1.4525 0.0849643
1.4575 0.071635
1.4625 0.0587726
1.4675 0.0462827
1.4725 0.0340758
1.4775 0.0220637
1.4825 0.0101547
1.4875 -0.00175118
1.4925 -0.0137708
1.4975 -0.0260513
1.5025 -0.0387946
1.5075 -0.0523106
1.5125 -0.0671502
1.5175 -0.0845595
1.5225 -0.10962
1.5275 -0.131527
1.5325 -0.134744
1.5375 -0.137505
1.5425 -0.140068
1.5475 -0.142493
1.5525 -0.144809
1.5575 -0.147035
1.5625 -0.149185
1.5675 -0.151272
1.5725 -0.153307
1.5775 -0.1553
1.5825 -0.157261
1.5875 -0.159199
1.5925 -0.161124
1.5975 -0.163046
1.6025 -0.164972
1.6075 -0.166913
1.6125 -0.168878
1.6175 -0.170877
1.6225 -0.172921
1.6275 -0.175019
1.6325 -0.177184
1.6375 -0.179427
1.6425 -0.181762
1.6475 -0.184203
1.6525 -0.186765
1.6575 -0.189464
1.6625 -0.19232
1.6675 -0.195354
1.6725 -0.198587
1.6775 -0.202047
1.6825 -0.205762
1.6875 -0.209766
1.6925 -0.214098
1.6975 -0.218801
1.7025 -0.223927
1.7075 -0.229536
1.7125 -0.2357
1.7175 -0.242503
1.7225 -0.250045
1.7275 -0.258451
1.7325 -0.267871
1.7375 -0.27849
1.7425 -0.290541
1.7475 -0.304322
1.7525 -0.320215
1.7575 -0.338722
1.7625 -0.36052
1.7675 -0.386534
1.7725 -0.418074
1.7775 -0.457052
1.7825 -0.50637
1.7875 -0.570667
1.7925 -0.657841
1.7975 -0.782512
1.8025 -0.975134
1.8075 -1.31135
1.8125 -2.04533
1.8175 -4.89388
1.8225 10.9463
1.8275 2.51061
1.8325 1.39539
1.8375 0.955615
1.8425 0.720588
1.8475 0.574523
1.8525 0.475092
1.8575 0.403145
1.8625 0.348753
1.8675 0.306258
1.8725 0.272197
1.8775 0.244331
1.8825 0.22115
1.8875 0.201598
1.8925 0.184914
1.8975 0.170534
1.9025 0.158036
1.9075 0.147093
1.9125 0.137449
1.9175 0.128902
1.9225 0.12129
1.9275 0.11448
1.9325 0.108365
1.9375 0.102854
1.9425 0.0978728
1.9475 0.0933573
1.9525 0.0892541
1.9575 0.0855174
1.9625 0.0821076
1.9675 0.0789908
1.9725 0.0761372
1.9775 0.0735211
1.9825 0.0711195
1.9875 0.0689124
1.9925 0.0668822
1.9975 0.0650129
2.0025 0.0632906
2.0075 0.0617024
2.0125 0.0602371
2.0175 0.0588843
2.0225 0.0576347
2.0275 0.0564797
2.0325 0.0554117
2.0375 0.0544234
2.0425 0.0535083
2.0475 0.0526603
2.0525 0.0518736
2.0575 0.0511431
2.0625 0.0504636
2.0675 0.0498304
2.0725 0.0492391
2.0775 0.0486853
2.0825 0.0481647
2.0875 0.0476733
2.0925 0.0472071
2.0975 0.0467621
2.1025 0.0463341
2.1075 0.045919
2.1125 0.0455126
2.1175 0.0451104
2.1225 0.0447076
2.1275 0.0442992
2.1325 0.0438797
2.1375 0.0434429
2.1425 0.042982
2.1475 0.0424892
2.1525 0.0419556
2.1575 0.0413708
2.1625 0.0407225
2.1675 0.0399959
2.1725 0.039173
2.1775 0.0382319
2.1825 0.0371446
2.1875 0.0358758
2.1925 0.0343796
2.1975 0.0325948
2.2025 0.0304385
2.2075 0.027827
2.2125 0.0244973
2.2175 0.0202956
2.2225 0.0147977
2.2275 0.00735078
2.2325 -0.00321906
2.2375 -0.0192565
2.2425 -0.0462228
2.2475 -0.100455
2.2525 -0.263082
2.2575 -38.6122
2.2625 0.398514
2.2675 0.231675
2.2725 0.176694
2.2775 0.149502
2.2825 0.133401
2.2875 0.122839
2.2925 0.115442
2.2975 0.110024
2.3025 0.105925
2.3075 0.102751
2.3125 0.100249
2.3175 0.0982536
2.3225 0.0966473
2.3275 0.0953477
2.3325 0.0942937
2.3375 0.0934397
2.3425 0.0927509
2.3475 0.0921999
2.3525 0.0917653
2.3575 0.0914298
2.3625 0.0911795
2.3675 0.0910029
2.3725 0.0908904
2.3775 0.0908343
2.3825 0.0908278
2.3875 0.0908653
2.3925 0.0909419
2.3975 0.0910535
2.4025 0.0911965
2.4075 0.0913678
2.4125 0.0915646
2.4175 0.0917846
2.4225 0.0920256
2.4275 0.0922857
2.4325 0.0925634
2.4375 0.092857
2.4425 0.0931654
2.4475 0.0934872
2.4525 0.0938213
2.4575 0.094167
2.4625 0.0945231
2.4675 0.094889
2.4725 0.0952638
2.4775 0.095647
2.4825 0.0960378
2.4875 0.0964358
2.4925 0.0968404
2.4975 0.0972511
