1.0025 70.878
1.0075 70.3482
1.0125 69.8076
1.0175 69.2555
1.0225 68.6914
1.0275 68.1148
1.0325 67.5251
1.0375 66.9218
1.0425 66.3046
1.0475 65.673
1.0525 65.0266
1.0575 64.365
1.0625 63.688
1.0675 62.9952
1.0725 62.2864
1.0775 61.5615
1.0825 60.8203
1.0875 60.0626
1.0925 59.2885
1.0975 58.498
1.1025 57.6912
1.1075 56.8681
1.1125 56.029
1.1175 55.1742
1.1225 54.3038
1.1275 53.4184
1.1325 52.5184
1.1375 51.6042
1.1425 50.6764
1.1475 49.7355
1.1525 48.7823
1.1575 47.8174
1.1625 46.8416
1.1675 45.8556
1.1725 44.8602
1.1775 43.8561
1.1825 42.8444
1.1875 41.8256
1.1925 40.8007
1.1975 39.7705
1.2025 38.7356
1.2075 37.6967
1.2125 36.6545
1.2175 35.6095
1.2225 34.562
1.2275 33.5124
1.2325 32.4605
1.2375 31.4063
1.2425 30.3491
1.2475 29.288
1.2525 28.2215
1.2575 27.1476
1.2625 26.063
1.2675 24.9634
1.2725 23.8426
1.2775 22.692
1.2825 21.499
1.2875 20.245
1.2925 18.9019
1.2975 17.4249
1.3025 15.739
1.3075 13.7082
1.3125 11.0588
1.3175 7.1473
1.3225 0.0190549
1.3275 -20.3951
1.3325 1044.86
1.3375 52.9703
1.3425 34.6459
1.3475 27.9843
1.3525 24.3304
1.3575 21.9031
1.3625 20.1016
1.3675 18.6664
1.3725 17.4671
1.3775 16.431
1.3825 15.514
1.3875 14.6882
1.3925 13.9346
1.3975 13.24
1.4025 12.595
1.4075 11.9924
1.4125 11.4268
1.4175 10.894
1.4225 10.3906
1.4275 9.91381
1.4325 9.4614
1.4375 9.03146
1.4425 8.62234
1.4475 8.23262
1.4525 7.86106
1.4575 7.50658
1.4625 7.16819
1.4675 6.84499
1.4725 6.53619
1.4775 6.24105
1.4825 5.95888
1.4875 5.68906
1.4925 5.43099
1.4975 5.18414
1.5025 4.94797
1.5075 4.72202
1.5125 4.50582
1.5175 4.29894
1.5225 4.10096
1.5275 3.91151
1.5325 3.7302
1.5375 3.55669
1.5425 3.39064
1.5475 3.23173
1.5525 3.07965
1.5575 2.93411
1.5625 2.79483
1.5675 2.66155
1.5725 2.53401
1.5775 2.41195
1.5825 2.29516
1.5875 2.18341
1.5925 2.07647
1.5975 1.97414
1.6025 1.87623
1.6075 1.78255
1.6125 1.69291
1.6175 1.60715
1.6225 1.52509
1.6275 1.44657
1.6325 1.37144
1.6375 1.29955
1.6425 1.23076
1.6475 1.16494
1.6525 1.10195
1.6575 1.04167
1.6625 0.983977
1.6675 0.928754
1.6725 0.87589
1.6775 0.825276
1.6825 0.776809
1.6875 0.730387
1.6925 0.685914
1.6975 0.643294
1.7025 0.602435
1.7075 0.563247
1.7125 0.525642
1.7175 0.489533
1.7225 0.454833
1.7275 0.421456
1.7325 0.389313
1.7375 0.358315
1.7425 0.328366
1.7475 0.299365
1.7525 0.2712
1.7575 0.243746
1.7625 0.216853
1.7675 0.190337
1.7725 0.163962
1.7775 0.137408
1.7825 0.110213
1.7875 0.0816678
1.7925 0.050599
1.7975 0.0148685
1.8025 -0.0299308
1.8075 -0.0946872
1.8125 -0.215894
1.8175 -0.639848
1.8225 1.61747
1.8275 0.393123
1.8325 0.219308
1.8375 0.142819
1.8425 0.0961082
1.8475 0.062539
1.8525 0.0360109
1.8575 0.013749
1.8625 -0.00569781
1.8675 -0.0231678
1.8725 -0.0391838
1.8775 -0.0540923
1.8825 -0.068135
1.8875 -0.0814882
1.8925 -0.0942856
1.8975 -0.106632
1.9025 -0.118612
1.9075 -0.130299
1.9125 -0.141745
1.9175 -0.153012
1.9225 -0.164143
1.9275 -0.175182
1.9325 -0.186167
1.9375 -0.197138
1.9425 -0.208128
1.9475 -0.219173
1.9525 -0.230305
1.9575 -0.241558
1.9625 -0.252964
1.9675 -0.264557
1.9725 -0.276369
1.9775 -0.288435
1.9825 -0.300788
1.9875 -0.313465
1.9925 -0.326502
1.9975 -0.339939
2.0025 -0.353814
2.0075 -0.36817
2.0125 -0.383052
2.0175 -0.398508
2.0225 -0.414587
2.0275 -0.431342
2.0325 -0.448833
2.0375 -0.46712
2.0425 -0.48627
2.0475 -0.506356
2.0525 -0.527457
2.0575 -0.549658
2.0625 -0.573054
2.0675 -0.597747
2.0725 -0.623852
2.0775 -0.651493
2.0825 -0.680811
2.0875 -0.71196
2.0925 -0.745114
2.0975 -0.780467
2.1025 -0.818238
2.1075 -0.858675
2.1125 -0.902059
2.1175 -0.948711
2.1225 -0.998999
2.1275 -1.05335
2.1325 -1.11224
2.1375 -1.17627
2.1425 -1.24608
2.1475 -1.32249
2.1525 -1.40642
2.1575 -1.49903
2.1625 -1.60166
2.1675 -1.71601
2.1725 -1.84412
2.1775 -1.9886
2.1825 -2.1527
2.1875 -2.34064
2.1925 -2.5579
2.1975 -2.81182
2.2025 -3.11238
2.2075 -3.47357
2.2125 -3.91556
2.2175 -4.46863
2.2225 -5.18033
2.2275 -6.12983
2.2325 -7.45959
2.2375 -9.45417
2.2425 -12.7765
2.2475 -19.4097
2.2525 -39.2022
2.2575 -4694.57
2.2625 41.0067
2.2675 20.7004
2.2725 13.972
2.2775 10.6163
2.2825 8.60611
2.2875 7.26779
2.2925 6.31302
2.2975 5.59779
2.3025 5.04218
2.3075 4.59826
2.3125 4.23553
2.3175 3.93368
2.3225 3.67864
2.3275 3.46037
2.3325 3.27151
2.3375 3.10654
2.3425 2.96124
2.3475 2.83231
2.3525 2.71718
2.3575 2.61376
2.3625 2.52039
2.3675 2.43568
2.3725 2.3585
2.3775 2.28791
2.3825 2.22312
2.3875 2.16344
2.3925 2.10832
2.3975 2.05726
2.4025 2.00984
2.4075 1.96569
2.4125 1.92449
2.4175 1.88596
2.4225 1.84987
2.4275 1.81598
2.4325 1.78412
2.4375 1.7541
2.4425 1.72579
2.4475 1.69904
2.4525 1.67372
2.4575 1.64974
2.4625 1.62699
2.4675 1.60538
2.4725 1.58484
2.4775 1.56528
2.4825 1.54664
2.4875 1.52886
2.4925 1.51188
2.4975 1.49566
