1.0025 85.5051
1.0075 84.6768
1.0125 83.8358
1.0175 82.9816
1.0225 82.1136
1.0275 81.2314
1.0325 80.3344
1.0375 79.4222
1.0425 78.4944
1.0475 77.5505
1.0525 76.5902
1.0575 75.6132
1.0625 74.6193
1.0675 73.6082
1.0725 72.5799
1.0775 71.5341
1.0825 70.4709
1.0875 69.3902
1.0925 68.2922
1.0975 67.177
1.1025 66.0448
1.1075 64.8958
1.1125 63.7305
1.1175 62.5491
1.1225 61.3522
1.1275 60.1402
1.1325 58.9138
1.1375 57.6735
1.1425 56.42
1.1475 55.154
1.1525 53.8763
1.1575 52.5876
1.1625 51.2886
1.1675 49.9802
1.1725 48.6631
1.1775 47.3381
1.1825 46.0058
1.1875 44.667
1.1925 43.322
1.1975 41.9715
1.2025 40.6157
1.2075 39.2548
1.2125 37.8887
1.2175 36.5171
1.2225 35.1392
1.2275 33.7542
1.2325 32.3604
1.2375 30.9556
1.2425 29.5369
1.2475 28.1003
1.2525 26.6405
1.2575 25.1505
1.2625 23.6208
1.2675 22.0389
1.2725 20.3875
1.2775 18.6429
1.2825 16.7715
1.2875 14.7241
1.2925 12.4269
1.2975 9.76305
1.3025 6.53715
1.3075 2.39602
1.3125 -3.37027
1.3175 -12.4301
1.3225 -29.8506
1.3275 -81.7315
1.3325 2680.44
1.3375 110.428
1.3425 63.8924
1.3475 47.5631
1.3525 39.0057
1.3575 33.6039
1.3625 29.8
1.3675 26.9218
1.3725 24.6313
1.3775 22.74
1.3825 21.1345
1.3875 19.742
1.3925 18.514
1.3975 17.4167
1.4025 16.4257
1.4075 15.5229
1.4125 14.6948
1.4175 13.9308
1.4225 13.2225
1.4275 12.5633
1.4325 11.9477
1.4375 11.3712
1.4425 10.83
1.4475 10.321
1.4525 9.84139
1.4575 9.38878
1.4625 8.96111
1.4675 8.55656
1.4725 8.17349
1.4775 7.81046
1.4825 7.46616
1.4875 7.13939
1.4925 6.82909
1.4975 6.53425
1.5025 6.25398
1.5075 5.98743
1.5125 5.73383
1.5175 5.49245
1.5225 5.26261
1.5275 5.0437
1.5325 4.83512
1.5375 4.63631
1.5425 4.44676
1.5475 4.26597
1.5525 4.09347
1.5575 3.92883
1.5625 3.77163
1.5675 3.62148
1.5725 3.47799
1.5775 3.3408
1.5825 3.20958
1.5875 3.084
1.5925 2.96374
1.5975 2.84851
1.6025 2.73801
1.6075 2.63197
1.6125 2.53011
1.6175 2.43218
1.6225 2.33792
1.6275 2.24709
1.6325 2.15945
1.6375 2.07477
1.6425 1.99279
1.6475 1.91331
1.6525 1.83608
1.6575 1.76087
1.6625 1.68745
1.6675 1.61558
1.6725 1.54501
1.6775 1.47548
1.6825 1.40673
1.6875 1.33847
1.6925 1.27038
1.6975 1.20214
1.7025 1.13338
1.7075 1.06367
1.7125 0.99257
1.7175 0.919527
1.7225 0.843927
1.7275 0.765035
1.7325 0.681976
1.7375 0.593684
1.7425 0.498846
1.7475 0.395812
1.7525 0.282473
1.7575 0.156077
1.7625 0.012957
1.7675 -0.151902
1.7725 -0.345559
1.7775 -0.578291
1.7825 -0.865692
1.7875 -1.23264
1.7925 -1.72143
1.7975 -2.4104
1.8025 -3.46258
1.8075 -5.28296
1.8125 -9.23204
1.8175 -24.4998
1.8225 60.2716
1.8275 15.0971
1.8325 9.10869
1.8375 6.73609
1.8425 5.45973
1.8475 4.65978
1.8525 4.10963
1.8575 3.70674
1.8625 3.39794
1.8675 3.15291
1.8725 2.95309
1.8775 2.78646
1.8825 2.64492
1.8875 2.52279
1.8925 2.41595
1.8975 2.32139
1.9025 2.23679
1.9075 2.16039
1.9125 2.09079
1.9175 2.02688
1.9225 1.96777
1.9275 1.91272
1.9325 1.86112
1.9375 1.81246
1.9425 1.76631
1.9475 1.7223
1.9525 1.68012
1.9575 1.63947
1.9625 1.60012
1.9675 1.56185
1.9725 1.52447
1.9775 1.48778
1.9825 1.45164
1.9875 1.4159
1.9925 1.3804
1.9975 1.34501
2.0025 1.30962
2.0075 1.27409
2.0125 1.23831
2.0175 1.20215
2.0225 1.1655
2.0275 1.12823
2.0325 1.09024
2.0375 1.05138
2.0425 1.01153
2.0475 0.970558
2.0525 0.928318
2.0575 0.884657
2.0625 0.839414
2.0675 0.792413
2.0725 0.743466
2.0775 0.692365
2.0825 0.638884
2.0875 0.582775
2.0925 0.52376
2.0975 0.461533
2.1025 0.395748
2.1075 0.326018
2.1125 0.251904
2.1175 0.172908
2.1225 0.08846
2.1275 -0.00209538
2.1325 -0.0995162
2.1375 -0.204685
2.1425 -0.318634
2.1475 -0.442585
2.1525 -0.577985
2.1575 -0.726574
2.1625 -0.890453
2.1675 -1.07219
2.1725 -1.27495
2.1775 -1.50269
2.1825 -1.76043
2.1875 -2.05461
2.1925 -2.39364
2.1975 -2.78876
2.2025 -3.25526
2.2075 -3.81455
2.2125 -4.49756
2.2175 -5.35064
2.2225 -6.44662
2.2275 -7.90678
2.2325 -9.94929
2.2375 -13.01
2.2425 -18.1042
2.2475 -28.2694
2.2525 -58.5894
2.2575 -7188.79
2.2625 64.2479
2.2675 33.141
2.2725 22.8303
2.2775 17.6851
2.2825 14.6009
2.2875 12.5458
2.2925 11.078
2.2975 9.97727
2.3025 9.12101
2.3075 8.43583
2.3125 7.87505
2.3175 7.40755
2.3225 7.01177
2.3275 6.67234
2.3325 6.37799
2.3375 6.12026
2.3425 5.89267
2.3475 5.6902
2.3525 5.50889
2.3575 5.34555
2.3625 5.19762
2.3675 5.06299
2.3725 4.93993
2.3775 4.82698
2.3825 4.72294
2.3875 4.62677
2.3925 4.53759
2.3975 4.45466
2.4025 4.37733
2.4075 4.30504
2.4125 4.2373
2.4175 4.17367
2.4225 4.11379
2.4275 4.05733
2.4325 4.00398
2.4375 3.9535
2.4425 3.90563
2.4475 3.86019
2.4525 3.81698
2.4575 3.77583
2.4625 3.73659
2.4675 3.69912
2.4725 3.6633
2.4775 3.62902
2.4825 3.59617
2.4875 3.56465
2.4925 3.53439
2.4975 3.50531
