1.0025 3.53309
1.0075 3.53382
1.0125 3.53418
1.0175 3.53414
1.0225 3.53368
1.0275 3.53276
1.0325 3.53135
1.0375 3.52941
1.0425 3.52693
1.0475 3.52386
1.0525 3.52019
1.0575 3.51588
1.0625 3.5109
1.0675 3.50524
1.0725 3.49887
1.0775 3.49176
1.0825 3.48391
1.0875 3.47529
1.0925 3.4659
1.0975 3.45571
1.1025 3.44474
1.1075 3.43298
1.1125 3.42042
1.1175 3.40709
1.1225 3.39298
1.1275 3.37813
1.1325 3.36255
1.1375 3.34628
1.1425 3.32935
1.1475 3.31181
1.1525 3.29371
1.1575 3.27512
1.1625 3.25611
1.1675 3.23675
1.1725 3.21713
1.1775 3.19738
1.1825 3.17759
1.1875 3.15791
1.1925 3.13847
1.1975 3.11946
1.2025 3.10106
1.2075 3.08349
1.2125 3.06699
1.2175 3.05184
1.2225 3.03837
1.2275 3.02696
1.2325 3.01805
1.2375 3.01217
1.2425 3.00995
1.2475 3.01216
1.2525 3.01974
1.2575 3.03386
1.2625 3.05604
1.2675 3.08823
1.2725 3.13299
1.2775 3.19383
1.2825 3.27563
1.2875 3.38542
1.2925 3.53374
1.2975 3.73717
1.3025 4.02334
1.3075 4.44215
1.3125 5.0938
1.3175 6.21365
1.3225 8.51645
1.3275 15.6836
1.3325 -374.064
1.3375 -11.7102
1.3425 -5.28584
1.3475 -3.11826
1.3525 -2.04317
1.3575 -1.40948
1.3625 -0.997515
1.3675 -0.712487
1.3725 -0.506784
1.3775 -0.353867
1.3825 -0.237777
1.3875 -0.148336
1.3925 -0.078753
1.3975 -0.024321
1.4025 0.0183227
1.4075 0.0516435
1.4125 0.0774888
1.4175 0.0972687
1.4225 0.112077
1.4275 0.122774
1.4325 0.130043
1.4375 0.134433
1.4425 0.13639
1.4475 0.136276
1.4525 0.134387
1.4575 0.130964
1.4625 0.126206
1.4675 0.120271
1.4725 0.113287
1.4775 0.105349
1.4825 0.0965247
1.4875 0.0868502
1.4925 0.0763269
1.4975 0.0649103
1.5025 0.0524875
1.5075 0.0388265
1.5125 0.0234446
1.5175 0.00515539
1.5225 -0.02107
1.5275 -0.0443813
1.5325 -0.0491995
1.5375 -0.0537247
1.5425 -0.0581815
1.5475 -0.0626024
1.5525 -0.066991
1.5575 -0.0713439
1.5625 -0.0756554
1.5675 -0.0799202
1.5725 -0.0841331
1.5775 -0.0882904
1.5825 -0.0923884
1.5875 -0.0964248
1.5925 -0.100398
1.5975 -0.104308
1.6025 -0.108153
1.6075 -0.111935
1.6125 -0.115656
1.6175 -0.119316
1.6225 -0.122918
1.6275 -0.126466
1.6325 -0.129964
1.6375 -0.133415
1.6425 -0.136825
1.6475 -0.140198
1.6525 -0.143543
1.6575 -0.146865
1.6625 -0.150172
1.6675 -0.153473
1.6725 -0.156779
1.6775 -0.160099
1.6825 -0.163447
1.6875 -0.166837
1.6925 -0.170283
1.6975 -0.173806
1.7025 -0.177426
1.7075 -0.181166
1.7125 -0.185056
1.7175 -0.18913
1.7225 -0.193427
1.7275 -0.197995
1.7325 -0.202893
1.7375 -0.208194
1.7425 -0.213987
1.7475 -0.220386
1.7525 -0.227538
1.7575 -0.235635
1.7625 -0.244934
1.7675 -0.255788
1.7725 -0.268695
1.7775 -0.284379
1.7825 -0.303942
1.7875 -0.329143
1.7925 -0.362974
1.7975 -0.410973
1.8025 -0.484677
1.8075 -0.612737
1.8125 -0.891414
1.8175 -1.97093
1.8225 4.02768
1.8275 0.832159
1.8325 0.409189
1.8375 0.242055
1.8425 0.152486
1.8475 0.0966276
1.8525 0.0584479
1.8575 0.0306922
1.8625 0.0095992
1.8675 -0.00697611
1.8725 -0.0203467
1.8775 -0.0313616
1.8825 -0.0405942
1.8875 -0.0484462
1.8925 -0.0552072
1.8975 -0.0610918
1.9025 -0.0662621
1.9075 -0.0708433
1.9125 -0.0749335
1.9175 -0.0786109
1.9225 -0.0819388
1.9275 -0.0849688
1.9325 -0.0877436
1.9375 -0.090299
1.9425 -0.0926654
1.9475 -0.0948684
1.9525 -0.0969304
1.9575 -0.0988707
1.9625 -0.100707
1.9675 -0.102453
1.9725 -0.104123
1.9775 -0.10573
1.9825 -0.107283
1.9875 -0.108795
1.9925 -0.110274
1.9975 -0.111729
2.0025 -0.113168
2.0075 -0.114601
2.0125 -0.116034
2.0175 -0.117476
2.0225 -0.118935
2.0275 -0.120417
2.0325 -0.121931
2.0375 -0.123485
2.0425 -0.125087
2.0475 -0.126746
2.0525 -0.12847
2.0575 -0.130269
2.0625 -0.132153
2.0675 -0.134132
2.0725 -0.136218
2.0775 -0.138424
2.0825 -0.140764
2.0875 -0.143252
2.0925 -0.145906
2.0975 -0.148743
2.1025 -0.151784
2.1075 -0.155053
2.1125 -0.158576
2.1175 -0.162383
2.1225 -0.166507
2.1275 -0.170988
2.1325 -0.175871
2.1375 -0.181208
2.1425 -0.187061
2.1475 -0.193502
2.1525 -0.200617
2.1575 -0.20851
2.1625 -0.217304
2.1675 -0.227154
2.1725 -0.238245
2.1775 -0.250814
2.1825 -0.265157
2.1875 -0.281657
2.1925 -0.300811
2.1975 -0.323286
2.2025 -0.349989
2.2075 -0.382156
2.2125 -0.421716
2.2175 -0.47132
2.2225 -0.535315
2.2275 -0.62089
2.2325 -0.740973
2.2375 -0.921391
2.2425 -1.22231
2.2475 -1.82373
2.2525 -3.61951
2.2575 -426.149
2.2625 3.66166
2.2675 1.81926
2.2725 1.20921
2.2775 0.905283
2.2825 0.723485
2.2875 0.602666
2.2925 0.51666
2.2975 0.452399
2.3025 0.402629
2.3075 0.362997
2.3125 0.330737
2.3175 0.304004
2.3225 0.281523
2.3275 0.262381
2.3325 0.245909
2.3375 0.231608
2.3425 0.219094
2.3475 0.208067
2.3525 0.198294
2.3575 0.189586
2.3625 0.181791
2.3675 0.174783
2.3725 0.16846
2.3775 0.162737
2.3825 0.15754
2.3875 0.152809
2.3925 0.148492
2.3975 0.144545
2.4025 0.140928
2.4075 0.137609
2.4125 0.134559
2.4175 0.131751
2.4225 0.129165
2.4275 0.12678
2.4325 0.124579
2.4375 0.122546
2.4425 0.120667
2.4475 0.118931
2.4525 0.117325
2.4575 0.115841
2.4625 0.114468
2.4675 0.113199
2.4725 0.112026
2.4775 0.110943
2.4825 0.109943
2.4875 0.109021
2.4925 0.108171
2.4975 0.10739
