1.0025 -4.04787
1.0075 -4.04737
1.0125 -4.0465
1.0175 -4.04523
1.0225 -4.04352
1.0275 -4.04134
1.0325 -4.03867
1.0375 -4.03548
1.0425 -4.03174
1.0475 -4.02743
1.0525 -4.02251
1.0575 -4.01697
1.0625 -4.01079
1.0675 -4.00394
1.0725 -3.99642
1.0775 -3.9882
1.0825 -3.97928
1.0875 -3.96965
1.0925 -3.95932
1.0975 -3.94827
1.1025 -3.93653
1.1075 -3.9241
1.1125 -3.911
1.1175 -3.89726
1.1225 -3.8829
1.1275 -3.86798
1.1325 -3.85252
1.1375 -3.8366
1.1425 -3.82026
1.1475 -3.8036
1.1525 -3.78669
1.1575 -3.76963
1.1625 -3.75253
1.1675 -3.73551
1.1725 -3.71871
1.1775 -3.7023
1.1825 -3.68645
1.1875 -3.67134
1.1925 -3.65722
1.1975 -3.64433
1.2025 -3.63296
1.2075 -3.62343
1.2125 -3.61612
1.2175 -3.61145
1.2225 -3.60993
1.2275 -3.61213
1.2325 -3.61874
1.2375 -3.63059
1.2425 -3.64866
1.2475 -3.67416
1.2525 -3.70857
1.2575 -3.75377
1.2625 -3.81215
1.2675 -3.88681
1.2725 -3.98189
1.2775 -4.10298
1.2825 -4.25791
1.2875 -4.45798
1.2925 -4.72014
1.2975 -5.07104
1.3025 -5.55517
1.3075 -6.25281
1.3125 -7.32527
1.3175 -9.15147
1.3225 -12.8821
1.3275 -24.4441
1.3325 603.015
1.3375 19.6133
1.3425 9.24753
1.3475 5.7352
1.3525 3.98193
1.3575 2.93944
1.3625 2.2541
1.3675 1.7733
1.3725 1.42039
1.3775 1.15264
1.3825 0.94437
1.3875 0.779182
1.3925 0.64614
1.3975 0.537663
1.4025 0.44833
1.4075 0.374164
1.4125 0.312181
1.4175 0.260098
1.4225 0.21614
1.4275 0.178905
1.4325 0.147273
1.4375 0.120335
1.4425 0.0973492
1.4475 0.0777008
1.4525 0.0608767
1.4575 0.0464436
1.4625 0.034032
1.4675 0.0233225
1.4725 0.0140356
1.4775 0.00592123
1.4825 -0.00124958
1.4875 -0.00769425
1.4925 -0.0136299
1.4975 -0.0192895
1.5025 -0.0249486
1.5075 -0.0309801
1.5125 -0.0379885
1.5175 -0.0472659
1.5225 -0.0639325
1.5275 -0.0772174
1.5325 -0.0716096
1.5375 -0.0653684
1.5425 -0.0587687
1.5475 -0.0518863
1.5525 -0.0447615
1.5575 -0.0374217
1.5625 -0.0298867
1.5675 -0.022172
1.5725 -0.0142891
1.5775 -0.00624679
1.5825 0.0019495
1.5875 0.0102963
1.5925 0.0187927
1.5975 0.02744
1.6025 0.0362415
1.6075 0.0452028
1.6125 0.0543314
1.6175 0.0636371
1.6225 0.0731318
1.6275 0.0828299
1.6325 0.0927481
1.6375 0.102906
1.6425 0.113325
1.6475 0.124032
1.6525 0.135056
1.6575 0.14643
1.6625 0.158191
1.6675 0.170383
1.6725 0.183054
1.6775 0.196262
1.6825 0.210071
1.6875 0.224554
1.6925 0.239799
1.6975 0.255904
1.7025 0.272987
1.7075 0.291186
1.7125 0.310662
1.7175 0.33161
1.7225 0.354263
1.7275 0.378904
1.7325 0.40588
1.7375 0.43562
1.7425 0.468664
1.7475 0.505696
1.7525 0.547601
1.7575 0.595544
1.7625 0.651084
1.7675 0.716367
1.7725 0.794421
1.7775 0.889666
1.7825 1.00882
1.7875 1.16262
1.7925 1.36933
1.7975 1.66279
1.8025 2.11344
1.8075 2.89631
1.8125 4.59943
1.8175 11.1949
1.8225 -25.4485
1.8275 -5.92651
1.8325 -3.34138
1.8375 -2.31899
1.8425 -1.77033
1.8475 -1.4275
1.8525 -1.19258
1.8575 -1.02125
1.8625 -0.890553
1.8675 -0.787385
1.8725 -0.703736
1.8775 -0.634428
1.8825 -0.575965
1.8875 -0.525902
1.8925 -0.482478
1.8975 -0.444391
1.9025 -0.410658
1.9075 -0.380523
1.9125 -0.353394
1.9175 -0.328803
1.9225 -0.306371
1.9275 -0.285794
1.9325 -0.266818
1.9375 -0.249233
1.9425 -0.232866
1.9475 -0.217568
1.9525 -0.203213
1.9575 -0.189693
1.9625 -0.176915
1.9675 -0.164798
1.9725 -0.153272
1.9775 -0.142274
1.9825 -0.13175
1.9875 -0.12165
1.9925 -0.111931
1.9975 -0.102554
2.0025 -0.0934815
2.0075 -0.0846824
2.0125 -0.0761262
2.0175 -0.0677851
2.0225 -0.0596335
2.0275 -0.0516471
2.0325 -0.0438029
2.0375 -0.036079
2.0425 -0.0284544
2.0475 -0.0209084
2.0525 -0.013421
2.0575 -0.00597213
2.0625 0.00145827
2.0675 0.00889046
2.0725 0.0163452
2.0775 0.0238442
2.0825 0.0314097
2.0875 0.0390656
2.0925 0.0468372
2.0975 0.0547517
2.1025 0.0628388
2.1075 0.0711311
2.1125 0.0796644
2.1175 0.088479
2.1225 0.0976199
2.1275 0.107138
2.1325 0.117093
2.1375 0.127551
2.1425 0.138591
2.1475 0.150304
2.1525 0.1628
2.1575 0.176208
2.1625 0.190684
2.1675 0.206419
2.1725 0.223646
2.1775 0.242658
2.1825 0.263823
2.1875 0.287617
2.1925 0.314657
2.1975 0.345768
2.2025 0.382075
2.2075 0.425179
2.2125 0.477255
2.2175 0.5418
2.2225 0.624122
2.2275 0.733119
2.2325 0.884791
2.2375 1.1111
2.2425 1.48652
2.2475 2.2338
2.2525 4.45916
2.2575 527.376
2.2625 -4.54607
2.2675 -2.26309
2.2725 -1.50527
2.2775 -1.12632
2.2825 -0.89854
2.2875 -0.746251
2.2925 -0.63707
2.2975 -0.554823
2.3025 -0.490531
2.3075 -0.438808
2.3125 -0.39623
2.3175 -0.360513
2.3225 -0.330079
2.3275 -0.303797
2.3325 -0.280841
2.3375 -0.260589
2.3425 -0.242568
2.3475 -0.226407
2.3525 -0.211816
2.3575 -0.198561
2.3625 -0.186454
2.3675 -0.175339
2.3725 -0.165088
2.3775 -0.155597
2.3825 -0.146774
2.3875 -0.138544
2.3925 -0.130843
2.3975 -0.123615
2.4025 -0.116812
2.4075 -0.110393
2.4125 -0.104322
2.4175 -0.0985669
2.4225 -0.0931002
2.4275 -0.0878972
2.4325 -0.0829362
2.4375 -0.0781978
2.4425 -0.0736645
2.4475 -0.069321
2.4525 -0.0651533
2.4575 -0.0611488
2.4625 -0.0572963
2.4675 -0.0535853
2.4725 -0.0500066
2.4775 -0.0465517
2.4825 -0.0432129
2.4875 -0.0399829
2.4925 -0.0368554
2.4975 -0.0338243
