1.0025 0.0378336
1.0075 0.0383314
1.0125 0.038835
1.0175 0.0393447
1.0225 0.0398604
1.0275 0.0403824
1.0325 0.0409107
1.0375 0.0414454
1.0425 0.0419866
1.0475 0.0425345
1.0525 0.0430891
1.0575 0.0436507
1.0625 0.0442192
1.0675 0.0447949
1.0725 0.0453779
1.0775 0.0459683
1.0825 0.0465663
1.0875 0.047172
1.0925 0.0477855
1.0975 0.048407
1.1025 0.0490368
1.1075 0.0496748
1.1125 0.0503214
1.1175 0.0509767
1.1225 0.0516408
1.1275 0.052314
1.1325 0.0529965
1.1375 0.0536884
1.1425 0.05439
1.1475 0.0551015
1.1525 0.0558231
1.1575 0.056555
1.1625 0.0572975
1.1675 0.0580508
1.1725 0.0588152
1.1775 0.059591
1.1825 0.0603784
1.1875 0.0611778
1.1925 0.0619894
1.1975 0.0628136
1.2025 0.0636506
1.2075 0.0645009
1.2125 0.0653648
1.2175 0.0662426
1.2225 0.0671347
1.2275 0.0680416
1.2325 0.0689637
1.2375 0.0699013
1.2425 0.0708551
1.2475 0.0718253
1.2525 0.0728127
1.2575 0.0738176
1.2625 0.0748407
1.2675 0.0758825
1.2725 0.0769437
1.2775 0.0780249
1.2825 0.0791268
1.2875 0.0802501
1.2925 0.0813955
1.2975 0.082564
1.3025 0.0837563
1.3075 0.0849733
1.3125 0.0862161
1.3175 0.0874855
1.3225 0.0887828
1.3275 0.0901091
1.3325 0.0914655
1.3375 0.0928534
1.3425 0.0942743
1.3475 0.0957296
1.3525 0.0972209
1.3575 0.0987501
1.3625 0.100319
1.3675 0.10193
1.3725 0.103584
1.3775 0.105285
1.3825 0.107035
1.3875 0.108836
1.3925 0.110693
1.3975 0.112608
1.4025 0.114585
1.4075 0.116628
1.4125 0.118743
1.4175 0.120934
1.4225 0.123207
1.4275 0.125568
1.4325 0.128026
1.4375 0.130589
1.4425 0.133266
1.4475 0.136069
1.4525 0.139012
1.4575 0.14211
1.4625 0.145382
1.4675 0.148851
1.4725 0.152545
1.4775 0.156499
1.4825 0.16076
1.4875 0.165386
1.4925 0.170458
1.4975 0.176093
1.5025 0.182463
1.5075 0.189855
1.5125 0.198796
1.5175 0.210511
1.5225 0.230065
1.5275 0.246636
1.5325 0.24467
1.5375 0.242389
1.5425 0.240036
1.5475 0.237659
1.5525 0.235277
1.5575 0.232896
1.5625 0.230521
1.5675 0.228154
1.5725 0.225796
1.5775 0.223449
1.5825 0.221114
1.5875 0.218789
1.5925 0.216477
1.5975 0.214177
1.6025 0.211889
1.6075 0.209613
1.6125 0.20735
1.6175 0.205099
1.6225 0.20286
1.6275 0.200634
1.6325 0.198421
1.6375 0.19622
1.6425 0.194031
1.6475 0.191855
1.6525 0.189691
1.6575 0.187539
1.6625 0.1854
1.6675 0.183273
1.6725 0.181157
1.6775 0.179054
1.6825 0.176963
1.6875 0.174884
1.6925 0.172816
1.6975 0.170761
1.7025 0.168717
1.7075 0.166685
1.7125 0.164664
1.7175 0.162655
1.7225 0.160657
1.7275 0.158671
1.7325 0.156696
1.7375 0.154733
1.7425 0.15278
1.7475 0.150839
1.7525 0.148909
1.7575 0.146989
1.7625 0.145081
1.7675 0.143184
1.7725 0.141297
1.7775 0.139421
1.7825 0.137556
1.7875 0.135701
1.7925 0.133857
1.7975 0.132024
1.8025 0.1302
1.8075 0.128387
1.8125 0.126585
1.8175 0.124792
1.8225 0.12301
1.8275 0.121238
1.8325 0.119475
1.8375 0.117723
1.8425 0.115981
1.8475 0.114248
1.8525 0.112525
1.8575 0.110812
1.8625 0.109108
1.8675 0.107414
1.8725 0.10573
1.8775 0.104055
1.8825 0.102389
1.8875 0.100733
1.8925 0.0990859
1.8975 0.097448
1.9025 0.0958193
1.9075 0.0941997
1.9125 0.0925891
1.9175 0.0909874
1.9225 0.0893947
1.9275 0.0878108
1.9325 0.0862358
1.9375 0.0846694
1.9425 0.0831117
1.9475 0.0815627
1.9525 0.0800222
1.9575 0.0784903
1.9625 0.0769668
1.9675 0.0754517
1.9725 0.073945
1.9775 0.0724464
1.9825 0.0709562
1.9875 0.0694742
1.9925 0.0680003
1.9975 0.0665345
2.0025 0.0650767
2.0075 0.0636269
2.0125 0.0621851
2.0175 0.0607511
2.0225 0.0593249
2.0275 0.0579065
2.0325 0.0564959
2.0375 0.0550929
2.0425 0.0536975
2.0475 0.0523097
2.0525 0.0509294
2.0575 0.0495566
2.0625 0.0481912
2.0675 0.0468332
2.0725 0.0454826
2.0775 0.0441392
2.0825 0.0428031
2.0875 0.0414741
2.0925 0.0401523
2.0975 0.0388376
2.1025 0.03753
2.1075 0.0362293
2.1125 0.0349357
2.1175 0.0336489
2.1225 0.032369
2.1275 0.0310959
2.1325 0.0298297
2.1375 0.0285701
2.1425 0.0273173
2.1475 0.0260711
2.1525 0.0248316
2.1575 0.0235986
2.1625 0.0223721
2.1675 0.0211521
2.1725 0.0199386
2.1775 0.0187314
2.1825 0.0175306
2.1875 0.0163362
2.1925 0.015148
2.1975 0.0139661
2.2025 0.0127904
2.2075 0.0115887
2.2125 0.0104573
2.2175 0.00929995
2.2225 0.00814865
2.2275 0.00700331
2.2325 0.00586396
2.2375 0.00473054
2.2425 0.00360303
2.2475 0.00248136
2.2525 0.0013655
2.2575 0.000255425
2.2625 -0.000848939
2.2675 -0.00194756
2.2725 -0.00304052
2.2775 -0.00412784
2.2825 -0.00520953
2.2875 -0.0062857
2.2925 -0.0073563
2.2975 -0.00842147
2.3025 -0.00948114
2.3075 -0.0105354
2.3125 -0.0115842
2.3175 -0.0126277
2.3225 -0.0136659
2.3275 -0.0146988
2.3325 -0.0157264
2.3375 -0.0167488
2.3425 -0.017766
2.3475 -0.018778
2.3525 -0.019785
2.3575 -0.0207868
2.3625 -0.0217836
2.3675 -0.0227753
2.3725 -0.023762
2.3775 -0.0247438
2.3825 -0.0257206
2.3875 -0.0266926
2.3925 -0.0276596
2.3975 -0.0286218
2.4025 -0.0295792
2.4075 -0.0305318
2.4125 -0.0314797
2.4175 -0.0324227
2.4225 -0.0333612
2.4275 -0.0342949
2.4325 -0.035224
2.4375 -0.0361485
2.4425 -0.0370684
2.4475 -0.0379838
2.4525 -0.0388946
2.4575 -0.039801
2.4625 -0.0407028
2.4675 -0.0416002
2.4725 -0.0424932
2.4775 -0.0433818
2.4825 -0.0442661
2.4875 -0.045146
2.4925 -0.0460216
2.4975 -0.0468929
