1.0025 -0.248768
1.0075 -0.251348
1.0125 -0.253915
1.0175 -0.256468
1.0225 -0.259009
1.0275 -0.261537
1.0325 -0.264052
1.0375 -0.266553
1.0425 -0.269042
1.0475 -0.271519
1.0525 -0.273982
1.0575 -0.276432
1.0625 -0.27887
1.0675 -0.281294
1.0725 -0.283706
1.0775 -0.286105
1.0825 -0.288491
1.0875 -0.290865
1.0925 -0.293226
1.0975 -0.295574
1.1025 -0.29791
1.1075 -0.300233
1.1125 -0.302543
1.1175 -0.304841
1.1225 -0.307126
1.1275 -0.309399
1.1325 -0.311659
1.1375 -0.313907
1.1425 -0.316142
1.1475 -0.318366
1.1525 -0.320577
1.1575 -0.322775
1.1625 -0.324961
1.1675 -0.327136
1.1725 -0.329298
1.1775 -0.331448
1.1825 -0.333586
1.1875 -0.335712
1.1925 -0.337826
1.1975 -0.339928
1.2025 -0.342018
1.2075 -0.344096
1.2125 -0.346163
1.2175 -0.348217
1.2225 -0.35026
1.2275 -0.352292
1.2325 -0.354312
1.2375 -0.35632
1.2425 -0.358317
1.2475 -0.360302
1.2525 -0.362276
1.2575 -0.364239
1.2625 -0.36619
1.2675 -0.36813
1.2725 -0.370059
1.2775 -0.371977
1.2825 -0.373884
1.2875 -0.37578
1.2925 -0.377664
1.2975 -0.379538
1.3025 -0.381401
1.3075 -0.383253
1.3125 -0.385095
1.3175 -0.386925
1.3225 -0.388745
1.3275 -0.390555
1.3325 -0.392354
1.3375 -0.394142
1.3425 -0.39592
1.3475 -0.397687
1.3525 -0.399445
1.3575 -0.401191
1.3625 -0.402928
1.3675 -0.404655
1.3725 -0.406371
1.3775 -0.408077
1.3825 -0.409774
1.3875 -0.41146
1.3925 -0.413137
1.3975 -0.414803
1.4025 -0.41646
1.4075 -0.418107
1.4125 -0.419745
1.4175 -0.421373
1.4225 -0.422991
1.4275 -0.4246
1.4325 -0.426199
1.4375 -0.427789
1.4425 -0.42937
1.4475 -0.430941
1.4525 -0.432503
1.4575 -0.434056
1.4625 -0.435599
1.4675 -0.437134
1.4725 -0.43866
1.4775 -0.440176
1.4825 -0.441684
1.4875 -0.443183
1.4925 -0.444673
1.4975 -0.446154
1.5025 -0.447626
1.5075 -0.44909
1.5125 -0.450545
1.5175 -0.451992
1.5225 -0.45343
1.5275 -0.45486
1.5325 -0.456281
1.5375 -0.457694
1.5425 -0.459099
1.5475 -0.460495
1.5525 -0.461884
1.5575 -0.463264
1.5625 -0.464636
1.5675 -0.466
1.5725 -0.467356
1.5775 -0.468704
1.5825 -0.470044
1.5875 -0.471376
1.5925 -0.4727
1.5975 -0.474017
1.6025 -0.475326
1.6075 -0.476627
1.6125 -0.477921
1.6175 -0.479207
1.6225 -0.480486
1.6275 -0.481757
1.6325 -0.483021
1.6375 -0.484277
1.6425 -0.485526
1.6475 -0.486768
1.6525 -0.488003
1.6575 -0.48923
1.6625 -0.490451
1.6675 -0.491664
1.6725 -0.49287
1.6775 -0.494069
1.6825 -0.495261
1.6875 -0.496447
1.6925 -0.497625
1.6975 -0.498797
1.7025 -0.499961
1.7075 -0.501119
1.7125 -0.502271
1.7175 -0.503416
1.7225 -0.504554
1.7275 -0.505685
1.7325 -0.506811
1.7375 -0.507929
1.7425 -0.509041
1.7475 -0.510147
1.7525 -0.511246
1.7575 -0.512339
1.7625 -0.513426
1.7675 -0.514507
1.7725 -0.515581
1.7775 -0.516649
1.7825 -0.517711
1.7875 -0.518767
1.7925 -0.519817
1.7975 -0.520861
1.8025 -0.521899
1.8075 -0.522932
1.8125 -0.523958
1.8175 -0.524978
1.8225 -0.525993
1.8275 -0.527002
1.8325 -0.528005
1.8375 -0.529003
1.8425 -0.529994
1.8475 -0.530981
1.8525 -0.531961
1.8575 -0.532937
1.8625 -0.533906
1.8675 -0.53487
1.8725 -0.535829
1.8775 -0.536782
1.8825 -0.53773
1.8875 -0.538673
1.8925 -0.53961
1.8975 -0.540542
1.9025 -0.541469
1.9075 -0.542391
1.9125 -0.543308
1.9175 -0.544219
1.9225 -0.545125
1.9275 -0.546027
1.9325 -0.546923
1.9375 -0.547814
1.9425 -0.548701
1.9475 -0.549582
1.9525 -0.550459
1.9575 -0.55133
1.9625 -0.552197
1.9675 -0.553059
1.9725 -0.553916
1.9775 -0.554769
1.9825 -0.555617
1.9875 -0.55646
1.9925 -0.557299
1.9975 -0.558133
2.0025 -0.558962
2.0075 -0.559787
2.0125 -0.560607
2.0175 -0.561423
2.0225 -0.562235
2.0275 -0.563041
2.0325 -0.563844
2.0375 -0.564642
2.0425 -0.565436
2.0475 -0.566225
2.0525 -0.567011
2.0575 -0.567792
2.0625 -0.568568
2.0675 -0.569341
2.0725 -0.570109
2.0775 -0.570873
2.0825 -0.571633
2.0875 -0.572389
2.0925 -0.573141
2.0975 -0.573889
2.1025 -0.574633
2.1075 -0.575373
2.1125 -0.576109
2.1175 -0.576841
2.1225 -0.577569
2.1275 -0.578293
2.1325 -0.579013
2.1375 -0.579729
2.1425 -0.580442
2.1475 -0.581151
2.1525 -0.581856
2.1575 -0.582557
2.1625 -0.583255
2.1675 -0.583949
2.1725 -0.584639
2.1775 -0.585326
2.1825 -0.586009
2.1875 -0.586688
2.1925 -0.587364
2.1975 -0.588036
2.2025 -0.588705
2.2075 -0.58937
2.2125 -0.590032
2.2175 -0.59069
2.2225 -0.591345
2.2275 -0.591996
2.2325 -0.592644
2.2375 -0.593289
2.2425 -0.59393
2.2475 -0.594568
2.2525 -0.595203
2.2575 -0.595834
2.2625 -0.596462
2.2675 -0.597087
2.2725 -0.597708
2.2775 -0.598327
2.2825 -0.598942
2.2875 -0.599554
2.2925 -0.600163
2.2975 -0.600768
2.3025 -0.601371
2.3075 -0.601971
2.3125 -0.602567
2.3175 -0.603161
2.3225 -0.603751
2.3275 -0.604338
2.3325 -0.604923
2.3375 -0.605504
2.3425 -0.606083
2.3475 -0.606658
2.3525 -0.607231
2.3575 -0.607801
2.3625 -0.608367
2.3675 -0.608931
2.3725 -0.609492
2.3775 -0.610051
2.3825 -0.610606
2.3875 -0.611159
2.3925 -0.611709
2.3975 -0.612256
2.4025 -0.6128
2.4075 -0.613342
2.4125 -0.613881
2.4175 -0.614417
2.4225 -0.614951
2.4275 -0.615482
2.4325 -0.61601
2.4375 -0.616536
2.4425 -0.617059
2.4475 -0.61758
2.4525 -0.618098
2.4575 -0.618613
2.4625 -0.619126
2.4675 -0.619636
2.4725 -0.620144
2.4775 -0.620649
2.4825 -0.621152
2.4875 -0.621652
2.4925 -0.62215
2.4975 -0.622646
