1.0025 0.28607
1.0075 0.283068
1.0125 0.279851
1.0175 0.276558
1.0225 0.273233
1.0275 0.269896
1.0325 0.266557
1.0375 0.263222
1.0425 0.259894
1.0475 0.256576
1.0525 0.253269
1.0575 0.249975
1.0625 0.246694
1.0675 0.243427
1.0725 0.240174
1.0775 0.236937
1.0825 0.233714
1.0875 0.230508
1.0925 0.227316
1.0975 0.224141
1.1025 0.220981
1.1075 0.217837
1.1125 0.21471
1.1175 0.211598
1.1225 0.208503
1.1275 0.205424
1.1325 0.202361
1.1375 0.199314
1.1425 0.196284
1.1475 0.193269
1.1525 0.190271
1.1575 0.187289
1.1625 0.184324
1.1675 0.181374
1.1725 0.178441
1.1775 0.175523
1.1825 0.172622
1.1875 0.169736
1.1925 0.166867
1.1975 0.164013
1.2025 0.161176
1.2075 0.158354
1.2125 0.155548
1.2175 0.152757
1.2225 0.149983
1.2275 0.147223
1.2325 0.14448
1.2375 0.141752
1.2425 0.139039
1.2475 0.136342
1.2525 0.13366
1.2575 0.130994
1.2625 0.128342
1.2675 0.125706
1.2725 0.123085
1.2775 0.120479
1.2825 0.117887
1.2875 0.115311
1.2925 0.112749
1.2975 0.110203
1.3025 0.10767
1.3075 0.105153
1.3125 0.10265
1.3175 0.100161
1.3225 0.0976873
1.3275 0.0952275
1.3325 0.092782
1.3375 0.0903506
1.3425 0.0879334
1.3475 0.0855303
1.3525 0.0831457
1.3575 0.0807659
1.3625 0.0784044
1.3675 0.0760567
1.3725 0.0737228
1.3775 0.0714024
1.3825 0.0690956
1.3875 0.0668022
1.3925 0.0645223
1.3975 0.0622557
1.4025 0.0600023
1.4075 0.0577622
1.4125 0.0555351
1.4175 0.0533211
1.4225 0.0511201
1.4275 0.048932
1.4325 0.0467567
1.4375 0.0445941
1.4425 0.0424443
1.4475 0.040307
1.4525 0.0381823
1.4575 0.03607
1.4625 0.0339702
1.4675 0.0318826
1.4725 0.0298073
1.4775 0.0277442
1.4825 0.0256932
1.4875 0.0236542
1.4925 0.0216272
1.4975 0.0196122
1.5025 0.0176087
1.5075 0.0156174
1.5125 0.0136375
1.5175 0.0116693
1.5225 0.00971263
1.5275 0.00776743
1.5325 0.00583366
1.5375 0.00391121
1.5425 0.00200002
1.5475 0.000100044
1.5525 -0.0017888
1.5575 -0.00366659
1.5625 -0.0055334
1.5675 -0.00738924
1.5725 -0.00923423
1.5775 -0.0110684
1.5825 -0.0128919
1.5875 -0.0147047
1.5925 -0.0165069
1.5975 -0.0182986
1.6025 -0.0200798
1.6075 -0.0218507
1.6125 -0.0236112
1.6175 -0.0253614
1.6225 -0.0271014
1.6275 -0.0288313
1.6325 -0.0305511
1.6375 -0.0322609
1.6425 -0.0339607
1.6475 -0.0356507
1.6525 -0.0373308
1.6575 -0.0390012
1.6625 -0.0406618
1.6675 -0.0423129
1.6725 -0.0439543
1.6775 -0.0455863
1.6825 -0.0472087
1.6875 -0.0488218
1.6925 -0.0504256
1.6975 -0.05202
1.7025 -0.0536053
1.7075 -0.0551814
1.7125 -0.0567484
1.7175 -0.0583064
1.7225 -0.0598554
1.7275 -0.0613955
1.7325 -0.0629267
1.7375 -0.0644491
1.7425 -0.0659627
1.7475 -0.0674677
1.7525 -0.068964
1.7575 -0.0704517
1.7625 -0.0719309
1.7675 -0.0734017
1.7725 -0.074864
1.7775 -0.076318
1.7825 -0.0777636
1.7875 -0.079201
1.7925 -0.0806302
1.7975 -0.0820512
1.8025 -0.0834642
1.8075 -0.0848691
1.8125 -0.086266
1.8175 -0.087655
1.8225 -0.0890361
1.8275 -0.0904094
1.8325 -0.0917749
1.8375 -0.0931327
1.8425 -0.0944827
1.8475 -0.0958252
1.8525 -0.09716
1.8575 -0.0984874
1.8625 -0.0998072
1.8675 -0.10112
1.8725 -0.102425
1.8775 -0.103722
1.8825 -0.105013
1.8875 -0.106296
1.8925 -0.107572
1.8975 -0.108841
1.9025 -0.110102
1.9075 -0.111354
1.9125 -0.112605
1.9175 -0.113845
1.9225 -0.115079
1.9275 -0.116306
1.9325 -0.117526
1.9375 -0.11874
1.9425 -0.119946
1.9475 -0.121146
1.9525 -0.122339
1.9575 -0.123526
1.9625 -0.124706
1.9675 -0.125879
1.9725 -0.127046
1.9775 -0.128207
1.9825 -0.129361
1.9875 -0.130509
1.9925 -0.131651
1.9975 -0.132786
2.0025 -0.133915
2.0075 -0.135038
2.0125 -0.136155
2.0175 -0.137265
2.0225 -0.13837
2.0275 -0.139469
2.0325 -0.140561
2.0375 -0.141648
2.0425 -0.142728
2.0475 -0.143803
2.0525 -0.144872
2.0575 -0.145935
2.0625 -0.146993
2.0675 -0.148044
2.0725 -0.14909
2.0775 -0.150131
2.0825 -0.151166
2.0875 -0.152195
2.0925 -0.153218
2.0975 -0.154236
2.1025 -0.155249
2.1075 -0.156256
2.1125 -0.157258
2.1175 -0.158255
2.1225 -0.159246
2.1275 -0.160232
2.1325 -0.161212
2.1375 -0.162188
2.1425 -0.163158
2.1475 -0.164123
2.1525 -0.165083
2.1575 -0.166038
2.1625 -0.166987
2.1675 -0.167932
2.1725 -0.168872
2.1775 -0.169807
2.1825 -0.170736
2.1875 -0.171661
2.1925 -0.172581
2.1975 -0.173497
2.2025 -0.174407
2.2075 -0.175313
2.2125 -0.176214
2.2175 -0.17711
2.2225 -0.178001
2.2275 -0.178888
2.2325 -0.17977
2.2375 -0.180648
2.2425 -0.181521
2.2475 -0.18239
2.2525 -0.183254
2.2575 -0.184113
2.2625 -0.184968
2.2675 -0.185819
2.2725 -0.186665
2.2775 -0.187507
2.2825 -0.188345
2.2875 -0.189178
2.2925 -0.190007
2.2975 -0.190832
2.3025 -0.191652
2.3075 -0.192469
2.3125 -0.193281
2.3175 -0.194089
2.3225 -0.194893
2.3275 -0.195692
2.3325 -0.196488
2.3375 -0.19728
2.3425 -0.198067
2.3475 -0.198851
2.3525 -0.19963
2.3575 -0.200406
2.3625 -0.201178
2.3675 -0.201946
2.3725 -0.20271
2.3775 -0.20347
2.3825 -0.204226
2.3875 -0.204979
2.3925 -0.205728
2.3975 -0.206473
2.4025 -0.207214
2.4075 -0.207951
2.4125 -0.208685
2.4175 -0.209415
2.4225 -0.210142
2.4275 -0.210865
2.4325 -0.211584
2.4375 -0.2123
2.4425 -0.213012
2.4475 -0.213721
2.4525 -0.214426
2.4575 -0.215128
2.4625 -0.215826
2.4675 -0.216521
2.4725 -0.217213
2.4775 -0.217901
2.4825 -0.218585
2.4875 -0.219266
2.4925 -0.219944
2.4975 -0.220619
