1.0025 -7170.17
1.0075 -7000.25
1.0125 -6833.91
1.0175 -6671.07
1.0225 -6511.69
1.0275 -6355.69
1.0325 -6203.03
1.0375 -6053.63
1.0425 -5907.44
1.0475 -5764.4
1.0525 -5624.45
1.0575 -5487.54
1.0625 -5353.61
1.0675 -5222.6
1.0725 -5094.46
1.0775 -4969.13
1.0825 -4846.57
1.0875 -4726.72
1.0925 -4609.53
1.0975 -4494.95
1.1025 -4382.92
1.1075 -4273.41
1.1125 -4166.35
1.1175 -4061.71
1.1225 -3959.43
1.1275 -3859.48
1.1325 -3761.79
1.1375 -3666.34
1.1425 -3573.07
1.1475 -3481.94
1.1525 -3392.91
1.1575 -3305.94
1.1625 -3220.98
1.1675 -3138
1.1725 -3056.95
1.1775 -2977.8
1.1825 -2900.5
1.1875 -2825.03
1.1925 -2751.34
1.1975 -2679.39
1.2025 -2609.15
1.2075 -2540.58
1.2125 -2473.66
1.2175 -2408.34
1.2225 -2344.59
1.2275 -2282.38
1.2325 -2221.67
1.2375 -2162.44
1.2425 -2104.66
1.2475 -2048.28
1.2525 -1993.29
1.2575 -1939.65
1.2625 -1887.33
1.2675 -1836.31
1.2725 -1786.56
1.2775 -1738.05
1.2825 -1690.75
1.2875 -1644.63
1.2925 -1599.68
1.2975 -1555.86
1.3025 -1513.16
1.3075 -1471.54
1.3125 -1430.98
1.3175 -1391.46
1.3225 -1352.96
1.3275 -1315.45
1.3325 -1278.91
1.3375 -1243.32
1.3425 -1208.65
1.3475 -1174.9
1.3525 -1142.03
1.3575 -1110.02
1.3625 -1078.87
1.3675 -1048.54
1.3725 -1019.02
1.3775 -990.286
1.3825 -962.327
1.3875 -935.122
1.3925 -908.653
1.3975 -882.904
1.4025 -857.858
1.4075 -833.498
1.4125 -809.808
1.4175 -786.773
1.4225 -764.378
1.4275 -742.606
1.4325 -721.444
1.4375 -700.877
1.4425 -680.89
1.4475 -661.471
1.4525 -642.605
1.4575 -624.279
1.4625 -606.479
1.4675 -589.194
1.4725 -572.411
1.4775 -556.118
1.4825 -540.302
1.4875 -524.952
1.4925 -510.056
1.4975 -495.604
1.5025 -481.584
1.5075 -467.986
1.5125 -454.799
1.5175 -442.013
1.5225 -429.617
1.5275 -417.602
1.5325 -405.959
1.5375 -394.678
1.5425 -383.749
1.5475 -373.164
1.5525 -362.914
1.5575 -352.99
1.5625 -343.384
1.5675 -334.088
1.5725 -325.093
1.5775 -316.392
1.5825 -307.977
1.5875 -299.841
1.5925 -291.975
1.5975 -284.374
1.6025 -277.029
1.6075 -269.934
1.6125 -263.083
1.6175 -256.468
1.6225 -250.084
1.6275 -243.923
1.6325 -237.98
1.6375 -232.249
1.6425 -226.725
1.6475 -221.4
1.6525 -216.27
1.6575 -211.329
1.6625 -206.572
1.6675 -201.994
1.6725 -197.589
1.6775 -193.353
1.6825 -189.281
1.6875 -185.367
1.6925 -181.608
1.6975 -177.998
1.7025 -174.534
1.7075 -171.211
1.7125 -168.025
1.7175 -164.971
1.7225 -162.046
1.7275 -159.246
1.7325 -156.567
1.7375 -154.005
1.7425 -151.556
1.7475 -149.218
1.7525 -146.986
1.7575 -144.856
1.7625 -142.827
1.7675 -140.894
1.7725 -139.055
1.7775 -137.306
1.7825 -135.644
1.7875 -134.067
1.7925 -132.571
1.7975 -131.153
1.8025 -129.812
1.8075 -128.544
1.8125 -127.347
1.8175 -126.219
1.8225 -125.156
1.8275 -124.156
1.8325 -123.218
1.8375 -122.338
1.8425 -121.515
1.8475 -120.746
1.8525 -120.03
1.8575 -119.364
1.8625 -118.746
1.8675 -118.174
1.8725 -117.647
1.8775 -117.162
1.8825 -116.719
1.8875 -116.314
1.8925 -115.946
1.8975 -115.615
1.9025 -115.317
1.9075 -115.052
1.9125 -114.817
1.9175 -114.612
1.9225 -114.435
1.9275 -114.285
1.9325 -114.159
1.9375 -114.058
1.9425 -113.979
1.9475 -113.921
1.9525 -113.884
1.9575 -113.865
1.9625 -113.864
1.9675 -113.88
1.9725 -113.911
1.9775 -113.956
1.9825 -114.015
1.9875 -114.086
1.9925 -114.169
1.9975 -114.262
2.0025 -114.364
2.0075 -114.476
2.0125 -114.594
2.0175 -114.72
2.0225 -114.852
2.0275 -114.989
2.0325 -115.131
2.0375 -115.276
2.0425 -115.425
2.0475 -115.575
2.0525 -115.728
2.0575 -115.882
2.0625 -116.035
2.0675 -116.189
2.0725 -116.342
2.0775 -116.493
2.0825 -116.643
2.0875 -116.789
2.0925 -116.933
2.0975 -117.074
2.1025 -117.21
2.1075 -117.342
2.1125 -117.468
2.1175 -117.59
2.1225 -117.705
2.1275 -117.815
2.1325 -117.917
2.1375 -118.013
2.1425 -118.101
2.1475 -118.182
2.1525 -118.254
2.1575 -118.319
2.1625 -118.374
2.1675 -118.42
2.1725 -118.457
2.1775 -118.485
2.1825 -118.503
2.1875 -118.51
2.1925 -118.507
2.1975 -118.494
2.2025 -118.47
2.2075 -118.434
2.2125 -118.388
2.2175 -118.33
2.2225 -118.26
2.2275 -118.179
2.2325 -118.086
2.2375 -117.98
2.2425 -117.863
2.2475 -117.733
2.2525 -117.59
2.2575 -117.435
2.2625 -117.267
2.2675 -117.086
2.2725 -116.892
2.2775 -116.685
2.2825 -116.464
2.2875 -116.231
2.2925 -115.984
2.2975 -115.723
2.3025 -115.449
2.3075 -115.162
2.3125 -114.861
2.3175 -114.546
2.3225 -114.217
2.3275 -113.875
2.3325 -113.519
2.3375 -113.149
2.3425 -112.765
2.3475 -112.367
2.3525 -111.955
2.3575 -111.53
2.3625 -111.09
2.3675 -110.637
2.3725 -110.169
2.3775 -109.688
2.3825 -109.193
2.3875 -108.684
2.3925 -108.161
2.3975 -107.624
2.4025 -107.073
2.4075 -106.508
2.4125 -105.93
2.4175 -105.337
2.4225 -104.732
2.4275 -104.112
2.4325 -103.478
2.4375 -102.831
2.4425 -102.171
2.4475 -101.497
2.4525 -100.809
2.4575 -100.108
2.4625 -99.3934
2.4675 -98.6656
2.4725 -97.9244
2.4775 -97.1701
2.4825 -96.4025
2.4875 -95.6219
2.4925 -94.8282
2.4975 -94.0215
