1.0025 6400.8
1.0075 6253.97
1.0125 6110.14
1.0175 5969.24
1.0225 5831.23
1.0275 5696.05
1.0325 5563.66
1.0375 5434.01
1.0425 5307.04
1.0475 5182.72
1.0525 5060.99
1.0575 4941.8
1.0625 4825.12
1.0675 4710.89
1.0725 4599.08
1.0775 4489.63
1.0825 4382.5
1.0875 4277.66
1.0925 4175.05
1.0975 4074.65
1.1025 3976.39
1.1075 3880.26
1.1125 3786.2
1.1175 3694.17
1.1225 3604.14
1.1275 3516.08
1.1325 3429.93
1.1375 3345.67
1.1425 3263.27
1.1475 3182.67
1.1525 3103.85
1.1575 3026.78
1.1625 2951.42
1.1675 2877.73
1.1725 2805.68
1.1775 2735.25
1.1825 2666.4
1.1875 2599.09
1.1925 2533.3
1.1975 2469
1.2025 2406.16
1.2075 2344.74
1.2125 2284.72
1.2175 2226.08
1.2225 2168.77
1.2275 2112.78
1.2325 2058.08
1.2375 2004.65
1.2425 1952.45
1.2475 1901.46
1.2525 1851.65
1.2575 1803.01
1.2625 1755.51
1.2675 1709.12
1.2725 1663.82
1.2775 1619.59
1.2825 1576.41
1.2875 1534.25
1.2925 1493.09
1.2975 1452.91
1.3025 1413.69
1.3075 1375.41
1.3125 1338.05
1.3175 1301.6
1.3225 1266.02
1.3275 1231.31
1.3325 1197.43
1.3375 1164.39
1.3425 1132.15
1.3475 1100.7
1.3525 1070.03
1.3575 1040.11
1.3625 1010.93
1.3675 982.476
1.3725 954.728
1.3775 927.672
1.3825 901.293
1.3875 875.576
1.3925 850.507
1.3975 826.07
1.4025 802.252
1.4075 779.039
1.4125 756.417
1.4175 734.374
1.4225 712.896
1.4275 691.971
1.4325 671.586
1.4375 651.728
1.4425 632.387
1.4475 613.549
1.4525 595.205
1.4575 577.341
1.4625 559.949
1.4675 543.015
1.4725 526.531
1.4775 510.485
1.4825 494.868
1.4875 479.67
1.4925 464.88
1.4975 450.49
1.5025 436.489
1.5075 422.87
1.5125 409.622
1.5175 396.737
1.5225 384.207
1.5275 372.023
1.5325 360.177
1.5375 348.661
1.5425 337.467
1.5475 326.587
1.5525 316.014
1.5575 305.74
1.5625 295.758
1.5675 286.061
1.5725 276.643
1.5775 267.495
1.5825 258.612
1.5875 249.988
1.5925 241.615
1.5975 233.488
1.6025 225.601
1.6075 217.947
1.6125 210.521
1.6175 203.317
1.6225 196.329
1.6275 189.553
1.6325 182.982
1.6375 176.612
1.6425 170.438
1.6475 164.454
1.6525 158.655
1.6575 153.037
1.6625 147.595
1.6675 142.325
1.6725 137.222
1.6775 132.282
1.6825 127.501
1.6875 122.873
1.6925 118.396
1.6975 114.066
1.7025 109.877
1.7075 105.828
1.7125 101.913
1.7175 98.1292
1.7225 94.4733
1.7275 90.9416
1.7325 87.5308
1.7375 84.2374
1.7425 81.0583
1.7475 77.9902
1.7525 75.0302
1.7575 72.1752
1.7625 69.4222
1.7675 66.7683
1.7725 64.2107
1.7775 61.7467
1.7825 59.3735
1.7875 57.0886
1.7925 54.8894
1.7975 52.7734
1.8025 50.738
1.8075 48.781
1.8125 46.9
1.8175 45.0927
1.8225 43.3569
1.8275 41.6904
1.8325 40.0911
1.8375 38.5569
1.8425 37.0858
1.8475 35.6758
1.8525 34.325
1.8575 33.0316
1.8625 31.7936
1.8675 30.6093
1.8725 29.4769
1.8775 28.3948
1.8825 27.3612
1.8875 26.3746
1.8925 25.4334
1.8975 24.5359
1.9025 23.6808
1.9075 22.8665
1.9125 22.0916
1.9175 21.3548
1.9225 20.6545
1.9275 19.9896
1.9325 19.3587
1.9375 18.7605
1.9425 18.1939
1.9475 17.6575
1.9525 17.1504
1.9575 16.6712
1.9625 16.2189
1.9675 15.7924
1.9725 15.3907
1.9775 15.0127
1.9825 14.6574
1.9875 14.3239
1.9925 14.0112
1.9975 13.7183
2.0025 13.4444
2.0075 13.1886
2.0125 12.95
2.0175 12.7279
2.0225 12.5213
2.0275 12.3295
2.0325 12.1518
2.0375 11.9873
2.0425 11.8354
2.0475 11.6954
2.0525 11.5665
2.0575 11.4482
2.0625 11.3397
2.0675 11.2404
2.0725 11.1497
2.0775 11.067
2.0825 10.9917
2.0875 10.9233
2.0925 10.8613
2.0975 10.805
2.1025 10.7539
2.1075 10.7077
2.1125 10.6657
2.1175 10.6275
2.1225 10.5926
2.1275 10.5607
2.1325 10.5312
2.1375 10.5037
2.1425 10.4779
2.1475 10.4534
2.1525 10.4297
2.1575 10.4065
2.1625 10.3834
2.1675 10.3601
2.1725 10.3363
2.1775 10.3116
2.1825 10.2857
2.1875 10.2583
2.1925 10.2291
2.1975 10.1978
2.2025 10.1641
2.2075 10.1279
2.2125 10.0887
2.2175 10.0464
2.2225 10.0008
2.2275 9.95155
2.2325 9.89848
2.2375 9.84136
2.2425 9.77999
2.2475 9.71417
2.2525 9.6437
2.2575 9.56841
2.2625 9.4881
2.2675 9.40261
2.2725 9.31178
2.2775 9.21544
2.2825 9.11344
2.2875 9.00564
2.2925 8.89189
2.2975 8.77207
2.3025 8.64603
2.3075 8.51367
2.3125 8.37487
2.3175 8.2295
2.3225 8.07747
2.3275 7.91866
2.3325 7.753
2.3375 7.58037
2.3425 7.40071
2.3475 7.21391
2.3525 7.01991
2.3575 6.81863
2.3625 6.61
2.3675 6.39395
2.3725 6.17043
2.3775 5.93937
2.3825 5.70072
2.3875 5.45442
2.3925 5.20044
2.3975 4.93873
2.4025 4.66925
2.4075 4.39195
2.4125 4.10682
2.4175 3.81381
2.4225 3.51289
2.4275 3.20406
2.4325 2.88727
2.4375 2.56252
2.4425 2.22978
2.4475 1.88905
2.4525 1.54031
2.4575 1.18354
2.4625 0.81876
2.4675 0.445946
2.4725 0.0651011
2.4775 -0.323774
2.4825 -0.720677
2.4875 -1.1256
2.4925 -1.53855
2.4975 -1.9595
