   10.6533   191.66   0   46.3924   
   10.681   246.796   0   25.8877   
   10.7009   245.711   0   34.5438   
   10.7313   238.027   0   24.3873   
   10.7463   152.474   0   21.6218   
   10.7712   164.862   0   14.5805   
   10.8045   250.565   0   17.7316   
   10.8295   290.755   0   20.8763   
   10.8489   364.986   0   24.0039   
   10.8574   382.079   0   30.7305   
   10.8642   395.41   0   47.895   
   10.8658   406.104   0   57.5982   
   10.8676   401.181   0   30.2181   
   10.8778   402.204   0   26.3579   
   10.8828   398.016   0   75.7495   
   10.8889   312.741   0   24.6199   
   10.8983   237.204   0   24.2212   
   10.9073   201.89   0   16.627   
   10.9287   169.539   0   14.9378   
   10.9575   164.204   0   14.0472   
   10.9753   171.075   0   15.1979   
   10.9904   228.608   0   17.8307   
   11.0039   330.76   0   17.2555   
   11.0148   354.284   0   27.4098   
   11.0185   336.281   0   32.6621   
