   10.6533   191.66   0   11.9785   
   10.681   246.796   0   6.68418   
   10.7009   245.711   0   8.91918   
   10.7313   238.027   0   6.29677   
   10.7463   152.474   0   5.58274   
   10.7712   164.862   0   3.76467   
   10.8045   250.565   0   4.57829   
   10.8295   290.755   0   5.39024   
   10.8489   364.986   0   6.19778   
   10.8574   382.079   0   7.93457   
   10.8642   395.41   0   12.3664   
   10.8658   406.104   0   14.8718   
   10.8676   401.181   0   7.80227   
   10.8778   402.204   0   6.80558   
   10.8828   398.016   0   19.5584   
   10.8889   312.741   0   6.35682   
   10.8983   237.204   0   6.2539   
   10.9073   201.89   0   4.29307   
   10.9287   169.539   0   3.85692   
   10.9575   164.204   0   3.62698   
   10.9753   171.075   0   3.92408   
   10.9904   228.608   0   4.60387   
   11.0039   330.76   0   4.45536   
   11.0148   354.284   0   7.07717   
   11.0185   336.281   0   8.43333   
